Datum;ID;Marke;Name;Preis;Gewicht
2022-12-18;8073250;ja!;Ja! Baguette Salami 250g;85;250g (1 kg = 3,40 €)
2022-12-18;8081647;ja!;Ja! Baguette Tomate-Mozzarella 250g;85;250g (1 kg = 3,40 €)
2022-12-18;7067903;ja!;Ja! Blumenkohl 1000g;199;1000g
2022-12-18;7084985;ja!;Ja! Brechbohnen 1000g;199;1000g
2022-12-18;7073900;ja!;Ja! Broccoli 1kg;199;1000g
2022-12-18;7225094;ja!;Ja! Cashewkerne Pikant 150g;219;150g (1 kg = 14,60 €)
2022-12-18;7122765;ja!;Ja! Classic Sandwich Eis 8 Stück;169;8x90ml (1 l = 2,35 €)
2022-12-18;8445118;ja!;Ja! Creme Fraiche mit Kräutern 200g;99;200g (1 kg = 4,95 €)
2022-12-18;8443313;ja!;Ja! Crème leicht 200g;99;200g (1 kg = 4,95 €)
2022-12-18;8403948;ja!;Ja! Elektronische Feuerzeuge 3 Stück;79;3 Stück
2022-12-18;7067036;ja!;Ja! Erdnuss Chocs Bunt 400g;189;400g (1 kg = 4,73 €)
2022-12-18;8426697;ja!;Ja! Geriebener Gratin- und Pizzakäse 250g;259;250g (1 kg = 10,36 €)
2022-12-18;8002548;ja!;Ja! Macadamia geröstet & gesalzen 125g;349;125g (1 kg = 27,92 €)
2022-12-18;3167734;ja!;Ja! Mignon Waffeln 400g;199;400g (1 kg = 4,98 €)
2022-12-18;8268091;ja!;Ja! Pesto alla Calabrese 190g;129;190g (1 kg = 6,79 €)
2022-12-18;8288407;ja!;Ja! Pizza Salami 3x350g;349;3x350g (1 kg = 3,32 €)
2022-12-18;7097534;ja!;Ja! Prinzessbohnen 1000g;199;1000g
2022-12-18;7125770;ja!;Ja! Rosenkohl 1000g;199;1000g
2022-12-18;3155797;ja!;Ja! Semmelknödel 6er 200g;99;200g (1 kg = 4,95 €)
2022-12-18;3151968;ja!;Ja! Soft-Aprikosen 250g;225;250g (1 kg = 9 €)
2022-12-18;8397514;ja!;ja! 6 Kartoffel Knödel halb & halb 200g;99;200g (1 kg = 4,95 €)
2022-12-18;8440282;ja!;ja! Akku Batterien AAA 900 mAh 4 Stück;499;4 Stück
2022-12-18;8442236;ja!;ja! Alkaline Batterien AA LR6 8 Stück;159;8 Stück
2022-12-18;6790143;ja!;ja! Alpenvollmilch-Schokolade 100g;49;100g (1 kg = 4,90 €)
2022-12-18;2105247;ja!;ja! Alufolie 50m;389;50m (1 m = 0,08 €)
2022-12-18;8597281;ja!;ja! American Dressing 250ml;99;250ml (1 l = 3,96 €)
2022-12-18;5351065;ja!;ja! American Sandwich 750g;129;750g (1 kg = 1,72 €)
2022-12-18;2394739;ja!;ja! Apfel Holunder Schorle 6x0,5l;174;6x0,50l (1 l = 0,58 €)
2022-12-18;2394743;ja!;ja! Apfel Rhabarber Schorle 6x0,5l;174;6x0,50l (1 l = 0,58 €)
2022-12-18;7892514;ja!;ja! Apfelnektar 6x1,5l;594;6x1,50l (1 l = 0,66 €)
2022-12-18;7898682;ja!;ja! Apfelsaft 6x1l;714;6x1l (1 l = 1,19 €)
2022-12-18;520330;ja!;ja! Apfelschorle 6x1,5l;534;6x1,50l (1 l = 0,59 €)
2022-12-18;7396317;ja!;ja! Aprikosen-Konfitüre extra 450g;179;450g (1 kg = 3,98 €)
2022-12-18;8361527;ja!;ja! Ayran 250ml;55;250ml (1 l = 2,20 €)
2022-12-18;8626092;ja!;ja! Back-Camembert 300g;259;300g (1 kg = 8,63 €)
2022-12-18;8543757;ja!;ja! Backcamembert mit Wild-Preiselbeerdip 350g;279;350g (1 kg = 7,97 €)
2022-12-18;2236174;ja!;ja! Backfertiger Pizzateig mit Sauce 600g;229;600g (1 kg = 3,82 €)
2022-12-18;8633310;ja!;ja! Backfisch Stäbchen 405g;289;405g (1 kg = 7,14 €)
2022-12-18;1317360;ja!;ja! Backpapierzuschnitte 30 Stück;115;30 Stück
2022-12-18;8301059;ja!;ja! Backpulver 6x15g;35;6x15g (1 kg = 3,89 €)
2022-12-18;8452565;ja!;ja! Bami Goreng 750g;319;750g (1 kg = 4,25 €)
2022-12-18;7087342;ja!;ja! Basmati Reis 1kg;269;1000g
2022-12-18;8255692;ja!;ja! Bauchspeck geräuchert 2 Scheiben 300g;299;300g (1 kg = 9,97 €)
2022-12-18;5350522;ja!;ja! Bauernbrot Schnitten 500g;99;500g (1 kg = 1,98 €)
2022-12-18;7009615;ja!;ja! Bayerischer Leberkäse 400g;349;400g (1 kg = 8,73 €)
2022-12-18;2317794;ja!;ja! Beeren-Mischung 750g;299;750g (1 kg = 3,99 €)
2022-12-18;1042260;ja!;ja! Belegkirschen 100g;139;100g (1 kg = 13,90 €)
2022-12-18;8053256;ja!;ja! Bergkäse am Stück 250g;275;250g (1 kg = 11 €)
2022-12-18;518611;ja!;ja! Bitter Lemon 6x1,5l;438;6x1,50l (1 l = 0,49 €)
2022-12-18;8766834;ja!;ja! Blattspinat 1kg;199;1000g
2022-12-18;7845762;ja!;ja! Blütenhonig cremig streichzart 500g;399;500g (1 kg = 7,98 €)
2022-12-18;8676858;ja!;ja! Blütenhonig flüssig 500g;359;500g (1 kg = 7,18 €)
2022-12-18;7845005;ja!;ja! Blütenhonig zart-fließend 500g;379;500g (1 kg = 7,58 €)
2022-12-18;843202;ja!;ja! Bockwurst in Eigenhaut 5 Stück;199;250g (1 kg = 7,96 €)
2022-12-18;6195873;ja!;ja! Bockwürstchen in zarter Eigenhaut 360g, 8 Stück;285;360g (1 kg = 7,92 €)
2022-12-18;6539912;ja!;ja! Bordelaise Schlemmer-Filet 400g;279;400g (1 kg = 6,98 €)
2022-12-18;8540029;ja!;ja! Bratkarotffeln mit Speck und Zwiebeln 400g;139;400g (1 kg = 3,48 €)
2022-12-18;7933793;ja!;ja! Bratkartoffeln mit Zwiebel 400g;139;400g (1 kg = 3,48 €)
2022-12-18;7857175;ja!;ja! Bratnudeln Soja vegan 600g;269;600g (1 kg = 4,48 €)
2022-12-18;8601123;ja!;ja! Brenn-Spiritus 1l;249;1l
2022-12-18;7156260;ja!;ja! Brie 200g;189;200g (1 kg = 9,45 €)
2022-12-18;8290217;ja!;ja! Briefumschläge DIN C6 100 Stück Ohne Fenster;229;100 Stück
2022-12-18;8088095;ja!;ja! Briefumschläge mit Fenster DIN lang 50 Stück;149;50 Stück
2022-12-18;8291795;ja!;ja! Brot-Backmischung Landbrot Roggenmischbrot 1kg;139;1kg
2022-12-18;8633128;ja!;ja! Butterbrot Tüten 100 Stück;145;100 Stück
2022-12-18;5960010;ja!;ja! Buttergemüse mit feiner Butter-Kräuter-Sauce 300g;79;300g (1 kg = 2,63 €)
2022-12-18;79949;ja!;ja! Butterkekse 400g;149;400g (1 kg = 3,73 €)
2022-12-18;2057494;ja!;ja! Butterkäse 400g;349;400g (1 kg = 8,73 €)
2022-12-18;8277481;ja!;ja! Cafe Crema 144g, 20 Pads;219;144g (1 kg = 15,21 €)
2022-12-18;2464563;ja!;ja! Caffè Crema Ganze Bohnen 100% Arabica 1kg;999;1000g
2022-12-18;2464558;ja!;ja! Caffè Espresso Ganze Bohnen 100% Arabica 1kg;999;1000g
2022-12-18;2591295;ja!;ja! Caffè Gustoso Ganze Bohnen Arabica-Robusta-Mischung 1kg;799;1000g
2022-12-18;6780172;ja!;ja! Camembert 125g;129;125g (1 kg = 10,32 €)
2022-12-18;7076962;ja!;ja! Cannelloni Vier Käse mit Spinatfüllung 400g;169;400g (1 kg = 4,23 €)
2022-12-18;2311667;ja!;ja! Cashew-Erdnuss-Mix Honig & Salz 200g;229;200g (1 kg = 11,45 €)
2022-12-18;2169511;ja!;ja! Cashewkerne geröstet & gesalzen 150g;219;150g (1 kg = 14,60 €)
2022-12-18;8339719;ja!;ja! Cevapcici für Pfanne und Grill 1kg;999;1000g
2022-12-18;923266;ja!;ja! Champignons 1. Wahl in Scheiben 170g;99;170g (1 kg = 5,82 €)
2022-12-18;8614834;ja!;ja! Chicken Burger 400g;329;400g (1 kg = 8,23 €)
2022-12-18;8370536;ja!;ja! Chicken Nuggets 1000g;749;1000g
2022-12-18;2198265;ja!;ja! Chicken Nuggets 500g;399;500g (1 kg = 7,98 €)
2022-12-18;8521365;ja!;ja! Chicken Wings Hot Style 750g;399;750g (1 kg = 5,32 €)
2022-12-18;8560300;ja!;ja! Chicken Wings Mild 750g;399;750g (1 kg = 5,32 €)
2022-12-18;8656068;ja!;ja! Chili con Carne 400g;249;400g (1 kg = 6,23 €)
2022-12-18;2270557;ja!;ja! Chili con Carne mit Schweinefleisch 800g;229;800g (1 kg = 2,86 €)
2022-12-18;7787649;ja!;ja! Chili-Cheese Nuggets 250g;189;250g (1 kg = 7,56 €)
2022-12-18;7895170;ja!;ja! Chiliflocken 35g;149;35g (1 kg = 42,57 €)
2022-12-18;891922;ja!;ja! Choco Chips 750g;249;750g (1 kg = 3,32 €)
2022-12-18;518727;ja!;ja! Cola 6x1,5l;294;6x1,50l (1 l = 0,33 €)
2022-12-18;905749;ja!;ja! Cola ohne Zucker 6x1,5l;294;6x1,50l (1 l = 0,33 €)
2022-12-18;975903;ja!;ja! Cola-Mix 6x1,5l;294;6x1,50l (1 l = 0,33 €)
2022-12-18;8182885;ja!;ja! Colorwaschmittel 1,1l, 20WL;355;1,10l (1 l = 3,23 €)
2022-12-18;8493667;ja!;ja! Cookies American Style Chocolate Chip 225g;99;225g (1 kg = 4,40 €)
2022-12-18;2134122;ja!;ja! Cornflakes 500g;139;500g (1 kg = 2,78 €)
2022-12-18;342931;ja!;ja! Cornichons süß-sauer 370g;149;370g (1 kg = 4,03 €)
2022-12-18;2325016;ja!;ja! Cranberries 200g;189;200g (1 kg = 9,45 €)
2022-12-18;8311334;ja!;ja! Criss Cross Pommes pikant gewürzt 600g;159;600g (1 kg = 2,65 €)
2022-12-18;8444108;ja!;ja! Crème fraîche classic 30% Fett 200g;99;200g (1 kg = 4,95 €)
2022-12-18;8645285;ja!;ja! Cuorino 225g;199;225g (1 kg = 8,84 €)
2022-12-18;8074238;ja!;ja! Curly Fries pikant gewürzt 600g;159;600g (1 kg = 2,65 €)
2022-12-18;8243243;ja!;ja! Delikatess Edelsalami mild geräuchert 150g;159;150g (1 kg = 10,60 €)
2022-12-18;8049651;ja!;ja! Delikatess Mini Wiener Geflügel Würstchen 2x160g;269;2x160g (1 kg = 8,41 €)
2022-12-18;7018624;ja!;ja! Delikatess Mini-Salami 4x25g;175;4x25g (1 kg = 17,50 €)
2022-12-18;8257029;ja!;ja! Delikatess Schinken Bockwurst 400g;279;400g (1 kg = 6,98 €)
2022-12-18;2888667;ja!;ja! Delikatess Teewurst fein 125g;149;125g (1 kg = 11,92 €)
2022-12-18;961733;ja!;ja! Delikatess-Bacon 100g;129;100g (1 kg = 12,90 €)
2022-12-18;6387896;ja!;ja! Delikatess-Bierwurst 200g;129;200g (1 kg = 6,45 €)
2022-12-18;6445640;ja!;ja! Delikatess-Cervelatwurst 200g;179;200g (1 kg = 8,95 €)
2022-12-18;6685404;ja!;ja! Delikatess-Fleischsalat 400g;169;400g (1 kg = 4,23 €)
2022-12-18;5956978;ja!;ja! Delikatess-Geflügelfleischwurst 400g;207;400g (1 kg = 5,18 €)
2022-12-18;2087491;ja!;ja! Delikatess-Hähnchenbrustfilet 150g;249;150g (1 kg = 16,60 €)
2022-12-18;1215356;ja!;ja! Delikatess-Hähnchenbrustfilet mit feiner Rauchnote 100g;149;100g (1 kg = 14,90 €)
2022-12-18;7009798;ja!;ja! Delikatess-Kochschinken 200g;169;200g (1 kg = 8,45 €)
2022-12-18;946509;ja!;ja! Delikatess-Krustenbraten 100g;159;100g (1 kg = 15,90 €)
2022-12-18;4724488;ja!;ja! Delikatess-Lachsschinken 100g;153;100g (1 kg = 15,30 €)
2022-12-18;1326612;ja!;ja! Delikatess-Leichtschinken fettreduziert 150g;222;150g (1 kg = 14,80 €)
2022-12-18;1162962;ja!;ja! Delikatess-Mayonnaise 500ml;169;500ml (1 l = 3,38 €)
2022-12-18;2120334;ja!;ja! Delikatess-Pfefferbeißer 300g;359;300g (1 kg = 11,97 €)
2022-12-18;7009810;ja!;ja! Delikatess-Rostbratwurst 540g;379;540g (1 kg = 7,02 €)
2022-12-18;6445667;ja!;ja! Delikatess-Salami 200g;179;200g (1 kg = 8,95 €)
2022-12-18;4832060;ja!;ja! Delikatess-Würstchen 200g;179;200g (1 kg = 8,95 €)
2022-12-18;7961361;ja!;ja! Dinkel Hörnchen 500g;129;500g (1 kg = 2,58 €)
2022-12-18;8224543;ja!;ja! Dinkelmehl Typ 630 1kg;149;1kg
2022-12-18;8372201;ja!;ja! Dino & Friends Hähnchenbrustfilet 400g;329;400g (1 kg = 8,23 €)
2022-12-18;2859404;ja!;ja! Donauwelle 500g;299;500g (1 kg = 5,98 €)
2022-12-18;5879736;ja!;ja! Doppelkeks 500g;129;500g (1 kg = 2,58 €)
2022-12-18;8647656;ja!;ja! Dressing Sylter Art Vegan 250ml;99;250ml (1 l = 3,96 €)
2022-12-18;2725612;ja!;ja! Earl Grey Tee 70g, 40 Beutel;89;70g (1 kg = 12,71 €)
2022-12-18;298424;ja!;ja! Edelsalami 500g;407;500g (1 kg = 8,14 €)
2022-12-18;2135703;ja!;ja! Edle Matjesfilets Nordische Art 245g;159;251g (1 kg = 6,33 €)
2022-12-18;8642283;ja!;ja! Einmalhandschuhe Latex Größe S/M 100 Stück;795;100 Stück
2022-12-18;5910480;ja!;ja! Eiscreme Bourbon-Vanille 2500ml;299;2500ml (1 l = 1,20 €)
2022-12-18;8475648;ja!;ja! Eiscreme Walnuss 1000ml;199;1000ml
2022-12-18;8132504;ja!;ja! Eiskonfekt mit Bourbon Vanilleeis 4x10 Stück, 400ml;219;4x100ml (1 l = 5,48 €)
2022-12-18;8490914;ja!;ja! Eismeergarnelen 225g;369;225g (1 kg = 16,40 €)
2022-12-18;1037883;ja!;ja! Eistee Pfirsich 6x1,5l;474;6x1,50l (1 l = 0,53 €)
2022-12-18;7862416;ja!;ja! Eistee Pfirsich zero 6x1,5l;474;6x1,50l (1 l = 0,53 €)
2022-12-18;1037880;ja!;ja! Eistee Zitrone 6x1,5l;474;6x1,50l (1 l = 0,53 €)
2022-12-18;3016679;ja!;ja! Emmentaler 250g;289;250g (1 kg = 11,56 €)
2022-12-18;3025313;ja!;ja! Emmentaler am Stück 400g;439;400g (1 kg = 10,98 €)
2022-12-18;8277959;ja!;ja! Entkoffeinierte Kaffee Pads 20 Stück;219;144g (1 kg = 15,21 €)
2022-12-18;8322056;ja!;ja! Erbsen extra fein 3x212g;159;3x420g (1 kg = 3,79 €)
2022-12-18;8335038;ja!;ja! Erbsen sehr fein mit Möhren sehr fein 265g;89;265g (1 kg = 3,36 €)
2022-12-18;570608;ja!;ja! Erbseneintopf mit Rauchspeck 800g;199;800g (1 kg = 2,49 €)
2022-12-18;570610;ja!;ja! Erbseneintopf mit Würstchen 800g;229;800g (1 kg = 2,86 €)
2022-12-18;7396228;ja!;ja! Erdbeer-Konfitüre extra 450g;139;450g (1 kg = 3,09 €)
2022-12-18;7892381;ja!;ja! Erdnuss-Flips 200g;89;200g (1 kg = 4,45 €)
2022-12-18;7224493;ja!;ja! Erdnüsse Paprika 200g;99;200g (1 kg = 4,95 €)
2022-12-18;2310347;ja!;ja! Erdnüsse geröstet & gesalzen 200g;99;200g (1 kg = 4,95 €)
2022-12-18;7004010;ja!;ja! Erdnüsse pikant gewürzt 150g;79;150g (1 kg = 5,27 €)
2022-12-18;7900645;ja!;ja! Essigreiniger 1l;85;1l
2022-12-18;6243827;ja!;ja! Extra löslicher Kaffee 200g;429;200g (1 kg = 21,45 €)
2022-12-18;3279207;ja!;ja! Feine Hundesticks mit Kalb 8x11g;95;8x11g (1 kg = 10,80 €)
2022-12-18;8245234;ja!;ja! Feine Speisestärke reine Maisstärke 400g;99;400g (1 kg = 2,48 €)
2022-12-18;2166155;ja!;ja! Feiner Brotaufstrich Eiersalat 150g;119;150g (1 kg = 7,93 €)
2022-12-18;2166159;ja!;ja! Feiner Brotaufstrich Geflügelsalat 150g;119;150g (1 kg = 7,93 €)
2022-12-18;8606032;ja!;ja! Fenchel Anis Kümmel Tee 50g, 25 Beutel;119;50g (1 kg = 23,80 €)
2022-12-18;1206387;ja!;ja! Festtags-Suppe mit Fleischklößchen & Eierstich 400ml;119;400ml (1 l = 2,98 €)
2022-12-18;754434;ja!;ja! Fettarmer Joghurt mild 1,5% Fett 500g;85;500g (1 kg = 1,70 €)
2022-12-18;588221;ja!;ja! Feuchte Allzwecktücher Limonen-Frische 80 Stück;199;80 Stück
2022-12-18;4509099;ja!;ja! Feuchte Allzwecktücher Pure Frische 80 Stück;199;80 Stück
2022-12-18;8379864;ja!;ja! Feuchtes Toilettenpapier Kamille 2x70 Stück;135;2x70 Stück
2022-12-18;6540147;ja!;ja! Fischstäbchen 450g, 15 Stück;289;450g (1 kg = 6,42 €)
2022-12-18;2270571;ja!;ja! Fleischbällchen-Topf mit Tomaten & Nudeln 800g;249;800g (1 kg = 3,11 €)
2022-12-18;7009739;ja!;ja! Fleischwurst 650g;399;650g (1 kg = 6,14 €)
2022-12-18;8111262;ja!;ja! Forellenfilet natur 125g;219;125g (1 kg = 17,52 €)
2022-12-18;6980295;ja!;ja! Französischer Weichkäse 200g;179;200g (1 kg = 8,95 €)
2022-12-18;8599178;ja!;ja! French Dressing 250ml;99;250ml (1 l = 3,96 €)
2022-12-18;8164649;ja!;ja! Frikadellen verzehrfertig 500g;299;500g (1 kg = 5,98 €)
2022-12-18;4509650;ja!;ja! Frikadellenbällchen 500g;299;500g (1 kg = 5,98 €)
2022-12-18;7937888;ja!;ja! Frische Eier aus Bodenhaltung 10 Stück;199;10 Stück
2022-12-18;2411378;ja!;ja! Frische Eierspätzle 500g;129;500g (1 kg = 2,58 €)
2022-12-18;139976;ja!;ja! Frische Hähnchenschenkel ca. 1130g;513;1 Stück ca. 1130 g (1 kg = 4,54 €)
2022-12-18;5711606;ja!;ja! Frische Putenbrust ca. 800g;799;1 Stück ca. 800 g (1 kg = 9,99 €)
2022-12-18;2865690;ja!;ja! Frische Vollmilch 3,5% 1l;109;1l
2022-12-18;2865662;ja!;ja! Frische fettarme Milch 1,5% 1l;99;1l
2022-12-18;8656774;ja!;ja! Frischeiwaffeln 250g;119;250g (1 kg = 4,76 €)
2022-12-18;2105216;ja!;ja! Frischhaltefolie 75m;135;75m (1 m = 0,02 €)
2022-12-18;7785244;ja!;ja! Frischkäse Jalapenos 250g;189;250g (1 kg = 7,56 €)
2022-12-18;2421597;ja!;ja! Frischkäse Natur Doppelrahmstufe 300g;159;300g (1 kg = 5,30 €)
2022-12-18;7964577;ja!;ja! Frittieröl 2l;499;2l (1 l = 2,50 €)
2022-12-18;1203693;ja!;ja! Fruchtcocktail 4x70g;199;280g (1 kg = 7,11 €)
2022-12-18;8475869;ja!;ja! Fruit Mix 12x50ml;199;12x50ml (1 l = 3,32 €)
2022-12-18;7794958;ja!;ja! Fruit Rings 500g;249;500g (1 kg = 4,98 €)
2022-12-18;8354622;ja!;ja! Fruit Surfer 6x60ml;169;360ml (1 l = 4,69 €)
2022-12-18;476189;ja!;ja! Früchte-Müsli 1kg;199;1000g
2022-12-18;7777815;ja!;ja! Frühlingsrollen mit Gemüse 100g;259;4x100g (1 kg = 6,48 €)
2022-12-18;7779581;ja!;ja! Frühlingsrollen mit Hähnchen 100g;259;4x100g (1 kg = 6,48 €)
2022-12-18;7913504;ja!;ja! Frühstücksbeutel 120 Stück;75;120 Stück
2022-12-18;2565946;ja!;ja! Garnelen á la Provence 250g;369;250g (1 kg = 14,76 €)
2022-12-18;942067;ja!;ja! Geflügel-Mortadella 200g;129;200g (1 kg = 6,45 €)
2022-12-18;990026;ja!;ja! Geflügel-Salami mit Schweinefleisch 200g;179;200g (1 kg = 8,95 €)
2022-12-18;2070458;ja!;ja! Geflügel-Wiener 300g;224;300g (1 kg = 7,47 €)
2022-12-18;8503685;ja!;ja! Geflügelsalami geräuchert 130g;199;130g (1 kg = 15,31 €)
2022-12-18;677207;ja!;ja! Gefrierbeutel 6l, 45 Stück;195;45 Stück
2022-12-18;7818026;ja!;ja! Gelbe Erbsen mit Suppengrün 800g;99;530g (1 kg = 1,87 €)
2022-12-18;8613805;ja!;ja! Geleefrüchte 250g;119;250g (1 kg = 4,76 €)
2022-12-18;7144685;ja!;ja! Geniesser-Menü Multipack Jelly 15x100g;319;15x100g (1 kg = 2,13 €)
2022-12-18;7146084;ja!;ja! Genießer-Menü Multipack Fleisch 15x100g;319;15x100g (1 kg = 2,13 €)
2022-12-18;8428056;ja!;ja! Geriebener Emmentaler 45% Fett 250g;259;250g (1 kg = 10,36 €)
2022-12-18;8426184;ja!;ja! Geriebener Gouda 48% Fett 250g;259;250g (1 kg = 10,36 €)
2022-12-18;8439178;ja!;ja! Geriebener Mozzarella 250g;259;250g (1 kg = 10,36 €)
2022-12-18;8075412;ja!;ja! Geschirr-Reiniger Tabs All-in-1 840g, 40 Tabs;435;840g (1 kg = 5,18 €)
2022-12-18;7896538;ja!;ja! Geschirr-Reiniger Tabs Classic 780g, 60 Tabs;345;780g (1 kg = 4,42 €)
2022-12-18;8595918;ja!;ja! Glasreiniger Ocean 1l;115;1l
2022-12-18;592755;ja!;ja! Gnocchi di Patate 500g;99;500g (1 kg = 1,98 €)
2022-12-18;6243711;ja!;ja! Gold Löslicher Kaffee 100g;259;100g (1 kg = 25,90 €)
2022-12-18;3151583;ja!;ja! Gold entkoffeiniert 100g;319;100g (1 kg = 31,90 €)
2022-12-18;2597847;ja!;ja! Gouda Holland jung am Stück 450g;439;450g (1 kg = 9,76 €)
2022-12-18;6337279;ja!;ja! Gouda jung 48% Fett 400g;349;400g (1 kg = 8,73 €)
2022-12-18;6337252;ja!;ja! Gouda mittelalt 300g;299;300g (1 kg = 9,97 €)
2022-12-18;1205219;ja!;ja! Gulaschsuppe 400ml;159;400ml (1 l = 3,98 €)
2022-12-18;3070776;ja!;ja! H-Milch 1,5% 1l;99;1l
2022-12-18;3072549;ja!;ja! H-Milch 3,5% 1l;109;1l
2022-12-18;6509355;ja!;ja! H-Schlagsahne 200g;99;200g (1 kg = 4,95 €)
2022-12-18;5900174;ja!;ja! Hackfleisch gemischt 500g;399;500g (1 kg = 7,98 €)
2022-12-18;7857273;ja!;ja! Hafergebäck 600g;279;600g (1 kg = 4,65 €)
2022-12-18;8431556;ja!;ja! Halogenstift Leuchtmittel G4 375 Lumen 37 Watt 3 Stück;199;1 Stück
2022-12-18;8341415;ja!;ja! Hamburger 1kg, 12 Patties;1138;1000g
2022-12-18;8552864;ja!;ja! Handkäse Minis Edelschimmel 115g;139;115g (1 kg = 12,09 €)
2022-12-18;2737743;ja!;ja! Happy Knabberbox 300g;139;300g (1 kg = 4,63 €)
2022-12-18;7924797;ja!;ja! Harzer Käse Mini 115g;139;115g (1 kg = 12,09 €)
2022-12-18;7003736;ja!;ja! Harzer Rolle 200g;199;200g (1 kg = 9,95 €)
2022-12-18;1008581;ja!;ja! Haselnusskerne ganz 200g;229;200g (1 kg = 11,45 €)
2022-12-18;7957031;ja!;ja! Hauchzarter Hinterschinken gebacken 150g;249;150g (1 kg = 16,60 €)
2022-12-18;7942901;ja!;ja! Hauchzartes Hähnchenbrustfilet gepökelt, gebacken 150g;249;150g (1 kg = 16,60 €)
2022-12-18;8754081;ja!;ja! Haushaltskerzen weiß 10 Stück;249;10 Stück
2022-12-18;8537447;ja!;ja! Haushaltsschwamm 9 Stück;99;9 Stück
2022-12-18;120585;ja!;ja! Heringsfilets geteilt in Tomatensauce 200g;99;200g (1 kg = 4,95 €)
2022-12-18;3156246;ja!;ja! Herzhaftes Ragout mit Rind & Nudeln 300g;70;300g (1 kg = 2,33 €)
2022-12-18;2886776;ja!;ja! Hirtenkäse 250g;199;250g (1 kg = 7,96 €)
2022-12-18;891929;ja!;ja! Honey Wheats 750g;249;750g (1 kg = 3,32 €)
2022-12-18;2025506;ja!;ja! Hundesticks Geflügel 8x11g;95;8x11g (1 kg = 10,80 €)
2022-12-18;2025522;ja!;ja! Hundesticks Rind 8 Stück;95;8x11g (1 kg = 10,80 €)
2022-12-18;2025529;ja!;ja! Hundesticks mit Wild 8x11g;95;8x11g (1 kg = 10,80 €)
2022-12-18;7879677;ja!;ja! Hähnchen Drumsticks BBQ Texas Style 750g;399;750g (1 kg = 5,32 €)
2022-12-18;8622771;ja!;ja! Hähnchen Drumsticks Hot Buffalo Style 750g;399;750g (1 kg = 5,32 €)
2022-12-18;2198857;ja!;ja! Hähnchen Filetsteaks 400g;489;400g (1 kg = 12,23 €)
2022-12-18;8371596;ja!;ja! Hähnchen Filetstreifen 250g;279;250g (1 kg = 11,16 €)
2022-12-18;8540960;ja!;ja! Hähnchen Flügel ohne Spitze 480g;243;1 Stück ca. 480 g (1 kg = 5,07 €)
2022-12-18;8361755;ja!;ja! Hähnchen Mini Schnitzel 500g;399;500g (1 kg = 7,98 €)
2022-12-18;8611852;ja!;ja! Hähnchen Schnitzel XXL 500g;429;500g (1 kg = 8,58 €)
2022-12-18;2424441;ja!;ja! Hähnchen süß-sauer mit Langkornreis 400g;239;400g (1 kg = 5,98 €)
2022-12-18;8468236;ja!;ja! Hähnchen-Brustfilet 600g;599;600g (1 kg = 9,98 €)
2022-12-18;3252334;ja!;ja! Hähnchenbrustfilet Paprika 150g;249;150g (1 kg = 16,60 €)
2022-12-18;2198745;ja!;ja! Hähnchenschenkel natur 1kg;379;1000g
2022-12-18;2202616;ja!;ja! Hähnchenschnitten Cordon Bleu 500g;449;500g (1 kg = 8,98 €)
2022-12-18;8573928;ja!;ja! Hähnchenschnitzel 2 Stück 300g;329;300g (1 kg = 10,97 €)
2022-12-18;7196141;ja!;ja! Hörnchen Frischei Nudeln 500g;129;500g (1 kg = 2,58 €)
2022-12-18;570612;ja!;ja! Hühnernudeltopf 800g;159;800g (1 kg = 1,99 €)
2022-12-18;8359468;ja!;ja! Irische Butter aus Weidemilch 250g;275;250g (1 kg = 11 €)
2022-12-18;2239595;ja!;ja! Jaffa Cake Orange 300g;129;300g (1 kg = 4,30 €)
2022-12-18;6387918;ja!;ja! Jagdwurst 200g;129;200g (1 kg = 6,45 €)
2022-12-18;8350407;ja!;ja! Jasmin Reis 1kg;249;1000g
2022-12-18;8601073;ja!;ja! Joghurt Dressing 250ml;99;250ml (1 l = 3,96 €)
2022-12-18;8514626;ja!;ja! Joghurt Griechischer Art Natur 4x150g;169;4x600g (1 kg = 2,82 €)
2022-12-18;8600575;ja!;ja! Joghurt Light Dressing 250ml;99;250ml (1 l = 3,96 €)
2022-12-18;754432;ja!;ja! Joghurt mild 0,1% 500g;85;500g (1 kg = 1,70 €)
2022-12-18;8324448;ja!;ja! Joghurt mild 3,5 % Fett 500g;95;500g (1 kg = 1,90 €)
2022-12-18;7083761;ja!;ja! Junge Erbsen 1kg;199;1000g
2022-12-18;2755729;ja!;ja! Kaffee-Filter Größe 4, 100 Stück;65;NaN
2022-12-18;8187738;ja!;ja! Kaffeesahne 20x10g;79;200g (1 kg = 3,95 €)
2022-12-18;8187754;ja!;ja! Kaffeeweißer 250g;139;250g (1 kg = 5,56 €)
2022-12-18;2290204;ja!;ja! Kaisergemüse 1kg;199;1000g
2022-12-18;546026;ja!;ja! Kamillentee 37,5g, 25 Beutel;65;37,50g (1 kg = 17,33 €)
2022-12-18;8553081;ja!;ja! Kartoffel Wedges 750g;199;750g (1 kg = 2,65 €)
2022-12-18;2270576;ja!;ja! Kartoffeltopf mit Würstchen 800g;229;800g (1 kg = 2,86 €)
2022-12-18;7145081;ja!;ja! Katzenfutter Geniesser Menü 4 Sorten 15x100g;319;15x100g (1 kg = 2,13 €)
2022-12-18;1395504;ja!;ja! Kaustreifen mit Rind 20 Stück;59;200g (1 kg = 2,95 €)
2022-12-18;1913987;ja!;ja! Kernige Haferflocken 500g;69;500g (1 kg = 1,38 €)
2022-12-18;7814109;ja!;ja! Kichererbsen 400g;49;240g (1 kg = 2,04 €)
2022-12-18;914670;ja!;ja! Kidney-Bohnen rot 255g;69;255g (1 kg = 2,71 €)
2022-12-18;2565945;ja!;ja! King Prawns Garnelen 225g;369;225g (1 kg = 16,40 €)
2022-12-18;8059677;ja!;ja! Klarspüler 1l;95;1l
2022-12-18;8277378;ja!;ja! Klassisch Kaffee Pads 20 Stück;219;144g (1 kg = 15,21 €)
2022-12-18;2360956;ja!;ja! Knoblauchbutter-Baguette 175g;99;175g (1 kg = 5,66 €)
2022-12-18;8024719;ja!;ja! Knusper Müsli Schoko 600g;219;600g (1 kg = 3,65 €)
2022-12-18;8395317;ja!;ja! Knusper Müsli weniger süss 600g;219;600g (1 kg = 3,65 €)
2022-12-18;7891291;ja!;ja! Knusperfilet im Backteig 400g;299;400g (1 kg = 7,48 €)
2022-12-18;1008594;ja!;ja! Kokosraspeln 200g;99;200g (1 kg = 4,95 €)
2022-12-18;6621155;ja!;ja! Kondensmilch 7,5% 340g;89;340g (1 kg = 2,62 €)
2022-12-18;1956646;ja!;ja! Kosmetikeimer-Beutel 75 Stück;115;75 Stück
2022-12-18;6322379;ja!;ja! Kroketten 750g;199;750g (1 kg = 2,65 €)
2022-12-18;2598834;ja!;ja! Kräftige Kaffee Pads 144g, 20 Pads;219;144g (1 kg = 15,21 €)
2022-12-18;2421604;ja!;ja! Kräuter-Frischkäse 300g;159;300g (1 kg = 5,30 €)
2022-12-18;6714161;ja!;ja! Kräuterbutter-Baguette 175g;99;175g (1 kg = 5,66 €)
2022-12-18;8444273;ja!;ja! Kräuterquark 200g;75;200g (1 kg = 3,75 €)
2022-12-18;7994929;ja!;ja! Kräuterquark leicht 200g;75;200g (1 kg = 3,75 €)
2022-12-18;2030321;ja!;ja! Käse-Gebäckstangen 150g;149;150g (1 kg = 9,93 €)
2022-12-18;7149379;ja!;ja! Käseaufschnitt 250g;249;250g (1 kg = 9,96 €)
2022-12-18;2296035;ja!;ja! Käseaufschnitt leicht 250g;249;250g (1 kg = 9,96 €)
2022-12-18;8291601;ja!;ja! Käsesnack Gouda Maasdamer 220g;299;220g (1 kg = 13,59 €)
2022-12-18;2045420;ja!;ja! Königsberger Klopse 450g;169;450g (1 kg = 3,76 €)
2022-12-18;7030814;ja!;ja! Körniger Frischkäse Halbfettstufe 200g;99;200g (1 kg = 4,95 €)
2022-12-18;7862977;ja!;ja! Küchentücher 4x128 Blatt;295;4x128 Stück
2022-12-18;8428651;ja!;ja! LED Kerze E14 470 Lumen 40 Watt 2 Stück;499;1 Stück
2022-12-18;6343066;ja!;ja! Lachsfilets 250g;549;250g (1 kg = 21,96 €)
2022-12-18;7249172;ja!;ja! Lachsforelle 100g;299;100g (1 kg = 29,90 €)
2022-12-18;8307611;ja!;ja! Landschinken luftgetrocknet 150g;194;150g (1 kg = 12,93 €)
2022-12-18;1062430;ja!;ja! Langkorn-Spitzenreis im Kochbeutel 4x125g;99;4x125g (1 kg = 1,98 €)
2022-12-18;1007001;ja!;ja! Lasagne Bolognese 1kg;399;1kg
2022-12-18;2269278;ja!;ja! Lasagne Bolognese 400g;169;400g (1 kg = 4,23 €)
2022-12-18;8484122;ja!;ja! Lasagne Gemüse 400g;169;400g (1 kg = 4,23 €)
2022-12-18;2464033;ja!;ja! Latte Espresso 250ml;75;250ml (1 l = 3 €)
2022-12-18;2462970;ja!;ja! Latte Macchiato 250ml;75;250ml (1 l = 3 €)
2022-12-18;2888923;ja!;ja! Leberwurst fein 175g;149;175g (1 kg = 8,51 €)
2022-12-18;7818635;ja!;ja! Linsen mit Suppengrün 800g;99;530g (1 kg = 1,87 €)
2022-12-18;570611;ja!;ja! Linseneintopf mit Schweinefleisch 800g;159;800g (1 kg = 1,99 €)
2022-12-18;8454168;ja!;ja! Lungo Dolce 55g 10 Kapseln;181;55g (1 kg = 32,91 €)
2022-12-18;7987083;ja!;ja! Lungo Intenso 10 Kapseln 55g;181;55g (1 kg = 32,91 €)
2022-12-18;2223785;ja!;ja! Löffelbiskuit 400g;189;400g (1 kg = 4,73 €)
2022-12-18;8327635;ja!;ja! MSC Delikatess Heringssalat mit Roter Bete, Gurke und Apfel 250g;119;250g (1 kg = 4,76 €)
2022-12-18;6337295;ja!;ja! Maasdamer 300g;299;300g (1 kg = 9,97 €)
2022-12-18;7197142;ja!;ja! Maccronelli Frischei Nudeln 500g;129;500g (1 kg = 2,58 €)
2022-12-18;8483301;ja!;ja! Makkaroni Auflauf 400g;169;400g (1 kg = 4,23 €)
2022-12-18;7011210;ja!;ja! Mandarin-Orangen 175g;99;175g (1 kg = 5,66 €)
2022-12-18;2099961;ja!;ja! Mandel-Eis am Stiel 6x120ml;229;6x120ml (1 l = 3,18 €)
2022-12-18;1008576;ja!;ja! Mandeln ganze Kerne 200g;229;200g (1 kg = 11,45 €)
2022-12-18;1008588;ja!;ja! Mandeln gemahlen 200g;199;200g (1 kg = 9,95 €)
2022-12-18;5883121;ja!;ja! Markenbutter mild gesäuert 250g;229;250g (1 kg = 9,16 €)
2022-12-18;8155103;ja!;ja! Mascarpone 250g;199;250g (1 kg = 7,96 €)
2022-12-18;7835907;ja!;ja! Maxi Teelichter 12 Stück;349;12 Stück
2022-12-18;8602560;ja!;ja! Meersalz 110g;109;110g (1 kg = 9,91 €)
2022-12-18;8696982;ja!;ja! Mehrkorn Toastbrötchen 335g;99;335g (1 kg = 2,96 €)
2022-12-18;7914158;ja!;ja! Mehrkornbrötchen 8 Stück 560g;119;560g (1 kg = 2,13 €)
2022-12-18;8381825;ja!;ja! Mehrweg Frische-Deckel für 500g Becher 2 Stück;99;2 Stück
2022-12-18;1374472;ja!;ja! Mett-Enden geräuchert 300g;299;300g (1 kg = 9,97 €)
2022-12-18;2107010;ja!;ja! Milchreis 500g;99;500g (1 kg = 1,98 €)
2022-12-18;7164812;ja!;ja! Milchreis mit Kirschen 400g;249;400g (1 kg = 6,23 €)
2022-12-18;2598831;ja!;ja! Milde Kaffee-Pads 144g, 20 Pads;219;144g (1 kg = 15,21 €)
2022-12-18;8125487;ja!;ja! Milder Röstkaffee 500g;499;500g (1 kg = 9,98 €)
2022-12-18;8038378;ja!;ja! Mini Cordon Bleu 400g;399;400g (1 kg = 9,98 €)
2022-12-18;7122458;ja!;ja! Mini Magic 12x50ml;229;12x50ml (1 l = 3,82 €)
2022-12-18;8066826;ja!;ja! Mini Mozzarella 125g;139;125g (1 kg = 11,12 €)
2022-12-18;7928306;ja!;ja! Mini Pizza Salami 360g;229;360g (1 kg = 6,36 €)
2022-12-18;8401219;ja!;ja! Mini Schokoriegel Mix 500g;319;500g (1 kg = 6,38 €)
2022-12-18;2407834;ja!;ja! Mini Wiener Würstchen 2x160g;269;2x160g (1 kg = 8,41 €)
2022-12-18;7240281;ja!;ja! Mini-Berliner 9 Stück 324g;269;324g (1 kg = 8,30 €)
2022-12-18;165932;ja!;ja! Mini-Brezeln 250g;79;250g (1 kg = 3,16 €)
2022-12-18;8267887;ja!;ja! Mini-Cabanossi 250g;279;250g (1 kg = 11,16 €)
2022-12-18;2318701;ja!;ja! Mini-Geflügelfrikadellen 500g;299;500g (1 kg = 5,98 €)
2022-12-18;2146675;ja!;ja! Mini-Windbeutel 250g;129;250g (1 kg = 5,16 €)
2022-12-18;891930;ja!;ja! Mini-Zimtos 750g;249;750g (1 kg = 3,32 €)
2022-12-18;8013504;ja!;ja! Motiv-Servietten X-Mas 40 Stück;99;40 Stück
2022-12-18;8434947;ja!;ja! Mozzarella 125g;99;125g (1 kg = 7,92 €)
2022-12-18;8836740;ja!;ja! Mozzarella Sticks 250g;189;250g (1 kg = 7,56 €)
2022-12-18;7801213;ja!;ja! Mozzarrella light 200g;99;125g (1 kg = 7,92 €)
2022-12-18;8667375;ja!;ja! Muffins Schoko & Stracciatella 360g;179;360g (1 kg = 4,97 €)
2022-12-18;8595091;ja!;ja! Multivitaminsaft 6x1l;594;6x1l (1 l = 0,99 €)
2022-12-18;8066996;ja!;ja! Möhrentopf mit Fleischbällchen 800g;249;800g (1 kg = 3,11 €)
2022-12-18;2773176;ja!;ja! Müllbeutel mit Tragegriff 50l 20 Stück;75;20 Stück
2022-12-18;119149;ja!;ja! Müllbeutel mit Zugband 60l, 30 Stück;175;30 Stück
2022-12-18;1947887;ja!;ja! Mülleimer-Beutel + Tragegriff 35l, 25 Stück;129;25 Stück
2022-12-18;1098419;ja!;ja! Mülleimer-Beutel mit Tragegriff 25l, 30 Stück;85;30 Stück
2022-12-18;8083764;ja!;ja! Müllsäcke 30l mit Zugband 25 Stück;179;NaN
2022-12-18;8303970;ja!;ja! Müllsäcke 60l mit Zugbeutel 25 Stück;199;25 Stück
2022-12-18;8051487;ja!;ja! Nasi Goreng 750g;319;750g (1 kg = 4,25 €)
2022-12-18;420386;ja!;ja! Natives Olivenöl extra 750ml;499;750ml (1 l = 6,65 €)
2022-12-18;2968099;ja!;ja! Natives Rapsöl 500ml;229;500ml (1 l = 4,58 €)
2022-12-18;891928;ja!;ja! Nougat-Bits 750g;249;750g (1 kg = 3,32 €)
2022-12-18;8726700;ja!;ja! Nudeltopf in Rahmsauce 63g;69;63g (1 kg = 10,95 €)
2022-12-18;166440;ja!;ja! Nuss-Nougat-Creme 400g;189;400g (1 kg = 4,73 €)
2022-12-18;2317787;ja!;ja! Nussfruchtmischung 200g;169;200g (1 kg = 8,45 €)
2022-12-18;3151703;ja!;ja! Nusskernmischung naturell ungesalzen & ungeröstet 200g;289;200g (1 kg = 14,45 €)
2022-12-18;7776207;ja!;ja! Nut Flakes 750g;249;750g (1 kg = 3,32 €)
2022-12-18;2949713;ja!;ja! Ofenkäse würzig 180g;259;180g (1 kg = 14,39 €)
2022-12-18;518913;ja!;ja! Orangen-Limonade 6x1,5l;294;6x1,50l (1 l = 0,33 €)
2022-12-18;7226202;ja!;ja! Orangenlimonade 0% Zucker 6x1,5l;294;6x1,50l (1 l = 0,33 €)
2022-12-18;8582624;ja!;ja! Orangennektar 6x1,5l;774;6x1,50l (1 l = 0,86 €)
2022-12-18;8596615;ja!;ja! Orangensaft 6x1l;774;6x1l (1 l = 1,29 €)
2022-12-18;8309744;ja!;ja! Original Nürnberger Rostbratwürstchen 300g;299;300g (1 kg = 9,97 €)
2022-12-18;8455387;ja!;ja! Paella Pfanne mit Meeresfrüchten, Seelachsfilet und Hähnchenbrust 750g;319;750g (1 kg = 4,25 €)
2022-12-18;5905605;ja!;ja! Paniermehl 1kg;169;1000g
2022-12-18;8430452;ja!;ja! Paranusskerne naturell 200g;299;200g (1 kg = 14,95 €)
2022-12-18;7227868;ja!;ja! Parboiled Spitzenreis Langkornreis 1kg;149;1000g
2022-12-18;8721437;ja!;ja! Pekan-Nusskerne naturbelassen 200g;369;200g (1 kg = 18,45 €)
2022-12-18;7857524;ja!;ja! Penne Gorgonzola mit feinem Blattspinat 750g;259;750g (1 kg = 3,45 €)
2022-12-18;688014;ja!;ja! Penne Rigate 500g;99;500g (1 kg = 1,98 €)
2022-12-18;8100989;ja!;ja! Pesto Rosso 190g;129;190g (1 kg = 6,79 €)
2022-12-18;546040;ja!;ja! Pfefferminztee 56g, 25 Beutel;65;56,25g (1 kg = 11,56 €)
2022-12-18;7163656;ja!;ja! Pflanzencreme 500ml;129;500ml (1 l = 2,58 €)
2022-12-18;7396155;ja!;ja! Pflaumenmus fein gewürzt 450g;139;450g (1 kg = 3,09 €)
2022-12-18;2325000;ja!;ja! Pinienkerne 50g;279;50g (1 kg = 55,80 €)
2022-12-18;6322298;ja!;ja! Pommes Frites 1kg;199;1000g
2022-12-18;2123526;ja!;ja! Pommes Frites Wellenschnitt 1kg;199;1000g
2022-12-18;8457317;ja!;ja! Prospekthüllen DINA4 matt 30 Stück;99;30 Stück
2022-12-18;8130280;ja!;ja! Präge-Servietten weiß 100 Stück;99;100 Stück
2022-12-18;6353371;ja!;ja! Puderzucker 250g;49;250g (1 kg = 1,96 €)
2022-12-18;7877621;ja!;ja! Pute-Ei Sandwich 185g;179;185g (1 kg = 9,68 €)
2022-12-18;5966590;ja!;ja! Putenbrustfilet 100g;149;100g (1 kg = 14,90 €)
2022-12-18;7942517;ja!;ja! Putenbrustfilet gepökelt, gebacken 150g;249;150g (1 kg = 16,60 €)
2022-12-18;2424540;ja!;ja! Putengeschnetzeltes mit Spätzle und Gemüse 480g;239;480g (1 kg = 4,98 €)
2022-12-18;5249473;ja!;ja! Raffinade-Zucker 1kg;149;1000g
2022-12-18;207470;ja!;ja! Rahmspinat 450g;69;450g (1 kg = 1,53 €)
2022-12-18;5724546;ja!;ja! Reine Buttermilch 500g;65;500g (1 kg = 1,30 €)
2022-12-18;7049625;ja!;ja! Reines Pflanzenfett 1kg;229;1000g
2022-12-18;6801447;ja!;ja! Reines Rapsöl 1l;249;1l
2022-12-18;2432152;ja!;ja! Rinder Minutensteak 320g;579;320g (1 kg = 18,09 €)
2022-12-18;8661897;ja!;ja! Rinder- Hüftsteak ca. 250g;533;1 Stück ca. 250 g (1 kg = 21,31 €)
2022-12-18;7856511;ja!;ja! Rinder- Rumpsteak ca. 250g;575;1 Stück ca. 250 g (1 kg = 22,99 €)
2022-12-18;7978794;ja!;ja! Rinder-Hackfleisch 500g;499;500g (1 kg = 9,98 €)
2022-12-18;8626135;ja!;ja! Rindfleisch 500g;599;500g (1 kg = 11,98 €)
2022-12-18;2432136;ja!;ja! Rindfleisch-Hamburger 400g;399;400g (1 kg = 9,98 €)
2022-12-18;5350450;ja!;ja! Roggenvollkornbrot 500g;99;500g (1 kg = 1,98 €)
2022-12-18;8502432;ja!;ja! Rostbratwürstchen in würziger Sauce mit Kartoffelpüree und Weinsauerkraut 480g;239;480g (1 kg = 4,98 €)
2022-12-18;7105464;ja!;ja! Rote Bete Scheiben 430g;99;430g (1 kg = 2,30 €)
2022-12-18;8671841;ja!;ja! Rote Grütze 500g;199;500g (1 kg = 3,98 €)
2022-12-18;8043011;ja!;ja! Roter Bandit 11x47ml;219;517ml (1 l = 4,24 €)
2022-12-18;2594349;ja!;ja! Räucherlachs 200g;499;200g (1 kg = 24,95 €)
2022-12-18;3156228;ja!;ja! Saftige Pastete mit Rind 300g;70;300g (1 kg = 2,33 €)
2022-12-18;7938679;ja!;ja! Sahne Pudding Schoko 200g;49;200g (1 kg = 2,45 €)
2022-12-18;8529987;ja!;ja! Sahne Pudding Vanillegeschmack 200g;49;200g (1 kg = 2,45 €)
2022-12-18;43593;ja!;ja! Sahne Schmelzkäsezubereitung 200g;179;200g (1 kg = 8,95 €)
2022-12-18;7204582;ja!;ja! Sahne-Heringsfilets 400g;179;400g (1 kg = 4,48 €)
2022-12-18;8295809;ja!;ja! Sahnesteif 5x8g;39;5x8g (1 kg = 9,75 €)
2022-12-18;7043484;ja!;ja! Salami Sticks Classic 100g;219;100g (1 kg = 21,90 €)
2022-12-18;7042886;ja!;ja! Salami Sticks Pikant 100g;219;100g (1 kg = 21,90 €)
2022-12-18;8260720;ja!;ja! Salted Chips 200g;99;200g (1 kg = 4,95 €)
2022-12-18;6878636;ja!;ja! Salzstangen mit Meersalz 250g;69;250g (1 kg = 2,76 €)
2022-12-18;7121696;ja!;ja! Sandwich Eis Fürst Pückler Art 8x90ml;169;8x90ml (1 l = 2,35 €)
2022-12-18;7011318;ja!;ja! Sauerkirschen entsteint & gezuckert 350g;179;350g (1 kg = 5,11 €)
2022-12-18;4507940;ja!;ja! Saure Sahne 200g;65;200g (1 kg = 3,25 €)
2022-12-18;8100477;ja!;ja! Schaschlikspieße 20cm 125 Stück;149;125 Stück
2022-12-18;6387934;ja!;ja! Schinkenwurst 200g;99;200g (1 kg = 4,95 €)
2022-12-18;6320406;ja!;ja! Schinkenwürfel 2x125g;249;2x125g (1 kg = 9,96 €)
2022-12-18;64840;ja!;ja! Schlagsahne 200g;99;200g (1 kg = 4,95 €)
2022-12-18;874949;ja!;ja! Schlemmermahlzeit mit fünf leckeren Sorten 400g;69;400g (1 kg = 1,73 €)
2022-12-18;8187819;ja!;ja! Schmand 200g;99;200g (1 kg = 4,95 €)
2022-12-18;8130752;ja!;ja! Schmelzkäse Allgäuer 250g;199;250g (1 kg = 7,96 €)
2022-12-18;8135665;ja!;ja! Schmelzkäse Chester 250g;199;250g (1 kg = 7,96 €)
2022-12-18;8231192;ja!;ja! Schmelzkäse Toast 250g;199;250g (1 kg = 7,96 €)
2022-12-18;7971810;ja!;ja! Schnellhefter A4 Beschriftungsstreifen 10 Stück;199;10 Stück
2022-12-18;3004038;ja!;ja! Schoko Müsli 750g;219;750g (1 kg = 2,92 €)
2022-12-18;2661883;ja!;ja! Schokoküsse 12 Stück, 300g;139;300g (1 kg = 4,63 €)
2022-12-18;7091553;ja!;ja! Schokorosinen 200g;99;200g (1 kg = 4,95 €)
2022-12-18;2411380;ja!;ja! Schupfnudeln 500g;129;500g (1 kg = 2,58 €)
2022-12-18;7009593;ja!;ja! Schwarzwälder Schinken 200g;249;200g (1 kg = 12,45 €)
2022-12-18;8038162;ja!;ja! Schweine Mini Schnitzel 400g;399;400g (1 kg = 9,98 €)
2022-12-18;8510384;ja!;ja! Schweine Nackensteak in Kräutermarinade 600g;479;600g (1 kg = 7,98 €)
2022-12-18;8501490;ja!;ja! Schweine Pfannengyros 500g;449;500g (1 kg = 8,98 €)
2022-12-18;8489310;ja!;ja! Schweine Schnitzel Wiener Art 750g;599;750g (1 kg = 7,99 €)
2022-12-18;8615856;ja!;ja! Schweine Schnitzel Wiener Art XXL 500g;499;500g (1 kg = 9,98 €)
2022-12-18;5490332;ja!;ja! Schweine-Bratwurst grob 4x100g;299;400g (1 kg = 7,48 €)
2022-12-18;1437254;ja!;ja! Schweine-Geschnetzeltes nach Gyros-Art 500g;449;500g (1 kg = 8,98 €)
2022-12-18;2080731;ja!;ja! Schweine-Minutensteaks aus dem Rücken 400g;379;400g (1 kg = 9,48 €)
2022-12-18;2234973;ja!;ja! Schweine-Nackenkotelett 4 Stück, 700g;499;700g (1 kg = 7,13 €)
2022-12-18;2080727;ja!;ja! Schweine-Schinkenschnitzel;575;600g (1 kg = 9,58 €)
2022-12-18;2314012;ja!;ja! Schweine-Stielkotelett 700g;549;700g (1 kg = 7,84 €)
2022-12-18;7702698;ja!;ja! Schweinefilet ca. 580g;695;1 Stück ca. 580 g (1 kg = 11,99 €)
2022-12-18;8457562;ja!;ja! Schweinefleisch 500g;449;500g (1 kg = 8,98 €)
2022-12-18;7895784;ja!;ja! Senf-Honig Dressing 250ml;99;250ml (1 l = 3,96 €)
2022-12-18;875402;ja!;ja! Servietten champagner 30 Stück;85;1 Stück
2022-12-18;6966314;ja!;ja! Servietten rot 30 Stück;85;1 Stück
2022-12-18;8521348;ja!;ja! Skyr Bourbon-Vanille 500g;169;500g (1 kg = 3,38 €)
2022-12-18;8245760;ja!;ja! Skyr Natur 500g;149;500g (1 kg = 2,98 €)
2022-12-18;7774209;ja!;ja! Snow Flakes 750g;249;750g (1 kg = 3,32 €)
2022-12-18;8294464;ja!;ja! Sofort-Gelatine weiß 30g;99;30g (1 kg = 33 €)
2022-12-18;8196129;ja!;ja! Soft Früchtchen Kaubonbons 500g;189;500g (1 kg = 3,78 €)
2022-12-18;3151969;ja!;ja! Soft-Datteln 250g;225;250g (1 kg = 9 €)
2022-12-18;3151967;ja!;ja! Soft-Feigen getrocknet 250g;225;250g (1 kg = 9 €)
2022-12-18;3151944;ja!;ja! Soft-Pflaumen 250g;289;250g (1 kg = 11,56 €)
2022-12-18;5805210;ja!;ja! Sonnenblumenmargarine 500g;129;500g (1 kg = 2,58 €)
2022-12-18;687999;ja!;ja! Spaghetti 500g;99;500g (1 kg = 1,98 €)
2022-12-18;2309834;ja!;ja! Spaghetti Eis 3x167ml;149;3x167ml (1 l = 2,97 €)
2022-12-18;2696946;ja!;ja! Spaghetti mit Tomatensauce 400g;149;400g (1 kg = 3,73 €)
2022-12-18;7845627;ja!;ja! Speiseeis nach Fürst Pückler Art 2,5l;299;2500ml (1 l = 1,20 €)
2022-12-18;9393935;ja!;ja! Speisequark 20% Fett i. Tr. 250g;89;250g (1 kg = 3,56 €)
2022-12-18;9394010;ja!;ja! Speisequark 250g;99;250g (1 kg = 3,96 €)
2022-12-18;7915060;ja!;ja! Speisequark Magerstufe 250g;70;250g (1 kg = 2,80 €)
2022-12-18;9393595;ja!;ja! Speisequark Magerstufe 500g;139;500g (1 kg = 2,78 €)
2022-12-18;5819130;ja!;ja! Spezial-Salz grobkörnig 2kg;85;2kg (1 kg = 0,43 €)
2022-12-18;6564984;ja!;ja! Spätzle Frischei Nudeln 500g;149;500g (1 kg = 2,98 €)
2022-12-18;6475973;ja!;ja! Stapelchips Paprika 175g;129;175g (1 kg = 7,37 €)
2022-12-18;7916381;ja!;ja! Steinofen Baguette 250g;99;250g (1 kg = 3,96 €)
2022-12-18;8089206;ja!;ja! Steinofen Pizza Margherita 3x300g;269;3x300g (1 kg = 2,99 €)
2022-12-18;8021080;ja!;ja! Steinofen Pizza Thunfisch 2x355g;329;2x355g (1 kg = 4,63 €)
2022-12-18;2662089;ja!;ja! Streichgut gesalzen 250g;209;250g (1 kg = 8,36 €)
2022-12-18;2662082;ja!;ja! Streichgut ungesalzen 250g;209;250g (1 kg = 8,36 €)
2022-12-18;8431040;ja!;ja! Streichhölzer 3er Pack 100 Stück;69;3 Stück
2022-12-18;7794486;ja!;ja! Stumpenkerze 110mm elfenbein;179;1 Stück
2022-12-18;8819490;ja!;ja! Stumpenkerze 110mm rot;179;1 Stück
2022-12-18;7794987;ja!;ja! Stumpenkerze 110mm weiß;179;1 Stück
2022-12-18;1008597;ja!;ja! Sultaninen 250g;99;250g (1 kg = 3,96 €)
2022-12-18;7073947;ja!;ja! Super Sweet Gemüsemais 425ml;99;285g (1 kg = 3,47 €)
2022-12-18;9689079;ja!;ja! Super-Soft Toilettenpapier 4-lagig 10x160 Blatt;449;NaN
2022-12-18;2290213;ja!;ja! Suppengemüse 1kg;129;1000g
2022-12-18;7772289;ja!;ja! Süßstoff 300ml;99;300ml (1 l = 3,30 €)
2022-12-18;9703764;ja!;ja! Süßstoff Tabletten 1200 Stück;119;1200 Stück
2022-12-18;8043572;ja!;ja! Tafelsalz 500g;25;500g (1 kg = 0,50 €)
2022-12-18;7894188;ja!;ja! Tee Fruchtiger Apfel 75g;119;75g (1 kg = 15,87 €)
2022-12-18;8692206;ja!;ja! Teelichter 100 Stück;549;100 Stück
2022-12-18;7834305;ja!;ja! Teelichter 50 Stück;299;50 Stück
2022-12-18;8192570;ja!;ja! Teilentrahmte Kondensmilch 340g;82;340g (1 kg = 2,41 €)
2022-12-18;1979570;ja!;ja! Thai-Suppe 400ml;119;400ml (1 l = 2,98 €)
2022-12-18;8622326;ja!;ja! Thunfisch Sandwich 185g;179;185g (1 kg = 9,68 €)
2022-12-18;8496746;ja!;ja! Thunfisch mit Gemüse in Dressing 185g;149;150g (1 kg = 9,93 €)
2022-12-18;2063281;ja!;ja! Thunfischfilets in Sonnenblumenöl 195g;149;140g (1 kg = 10,64 €)
2022-12-18;2063277;ja!;ja! Thunfischfilets in eigenem Saft geschnitten 195g;149;150g (1 kg = 9,93 €)
2022-12-18;8055493;ja!;ja! Tilsiter in Scheiben 400g;349;400g (1 kg = 8,73 €)
2022-12-18;5499259;ja!;ja! Tissue-Toilettenpapier 3-lagig 10x200 Blatt;405;10x200 Stück
2022-12-18;3280994;ja!;ja! Tomate-Basilikum Pasta-Sauce 400g;149;400ml (1 l = 3,73 €)
2022-12-18;973336;ja!;ja! Tomaten fein gehackt in Tomatensaft 400g;85;400g (1 kg = 2,13 €)
2022-12-18;5636442;ja!;ja! Tomaten passiert 500g;69;500g (1 kg = 1,38 €)
2022-12-18;1206383;ja!;ja! Tomaten-Cremesuppe 400ml;99;400ml (1 l = 2,48 €)
2022-12-18;5944481;ja!;ja! Tomatenmark 3-fach konzentriert 200g;119;200g (1 kg = 5,95 €)
2022-12-18;8515630;ja!;ja! Tortellini in Sahnesauce 400g;169;400g (1 kg = 4,23 €)
2022-12-18;688048;ja!;ja! Tortelloni Prosciutto 250g;99;250g (1 kg = 3,96 €)
2022-12-18;2272449;ja!;ja! Tortelloni Ricotta Spinat 250g;99;250g (1 kg = 3,96 €)
2022-12-18;1478286;ja!;ja! Trockenbackhefe 6x7g;65;6x7g (1 kg = 15,48 €)
2022-12-18;8370556;ja!;ja! Vanille Haselnuss Hörnchen 6 Stück;169;6x120ml (1 l = 2,35 €)
2022-12-18;7122254;ja!;ja! Vanille Milky Sticks mit Alpenvollmilch 12x42ml;179;12x42ml (1 l = 3,55 €)
2022-12-18;5880459;ja!;ja! Vollmilch-Joghurt 4x150g;109;4x150g (1 kg = 1,82 €)
2022-12-18;8152779;ja!;ja! Vollwaschmittel 1,1l, 20WL;355;1,10l (1 l = 3,23 €)
2022-12-18;2345761;ja!;ja! WC-Duftstein Meeresfrische 3x55ml;125;3x55ml (1 l = 7,58 €)
2022-12-18;8421295;ja!;ja! WC-Reiniger Tabs 400g;179;400g (1 kg = 4,48 €)
2022-12-18;201434;ja!;ja! Waffelröllchen 200g;129;200g (1 kg = 6,45 €)
2022-12-18;8605199;ja!;ja! Waldbeere Tee 62,5g, 25 Beutel;119;62,50g (1 kg = 19,04 €)
2022-12-18;1008842;ja!;ja! Walnüsse ganze Kerne 200g;259;200g (1 kg = 12,95 €)
2022-12-18;7848384;ja!;ja! Weichweizengriess 500g;69;500g (1 kg = 1,38 €)
2022-12-18;7817127;ja!;ja! Weisse Bohnen mit Suppengrün 800g;99;530g (1 kg = 1,87 €)
2022-12-18;8696994;ja!;ja! Weizen Toastbrötchen 335g;99;335g (1 kg = 2,96 €)
2022-12-18;8571733;ja!;ja! Weizen Tortillas 432g;139;432g (1 kg = 3,22 €)
2022-12-18;6729550;ja!;ja! Weizenmehl Type 405 1kg;79;1000g
2022-12-18;547663;ja!;ja! Weiße Schokolade 100g;59;100g (1 kg = 5,90 €)
2022-12-18;8036008;ja!;ja! Western Pfanne 750g;319;750g (1 kg = 4,25 €)
2022-12-18;8789204;ja!;ja! White Wheaties 600g;249;600g (1 kg = 4,15 €)
2022-12-18;2655152;ja!;ja! Wiener Würstchen 400g;299;8x50g (1 kg = 7,48 €)
2022-12-18;6353606;ja!;ja! Würfelzucker 1kg;169;1kg
2022-12-18;8740875;ja!;ja! Würziger Cheddar in Scheiben 150g;215;150g (1 kg = 14,33 €)
2022-12-18;8100302;ja!;ja! Zahnstocher 450 Stück;179;450 Stück
2022-12-18;6343171;ja!;ja! Zarte Haferflocken 500g;69;500g (1 kg = 1,38 €)
2022-12-18;2815942;ja!;ja! Zaziki 500g;159;500g (1 kg = 3,18 €)
2022-12-18;8078567;ja!;ja! Ziegenkäse in Scheiben Laktosefrei 150g;219;150g (1 kg = 14,60 €)
2022-12-18;518816;ja!;ja! Zitronen-Limonade 6x1,5l;294;6x1,50l (1 l = 0,33 €)
2022-12-18;7226874;ja!;ja! Zitronenlimonade 0% Zucker 6x1,5l;294;6x1,50l (1 l = 0,33 €)
2022-12-18;8125186;ja!;ja! kräftiger Röstkaffee 500g;439;500g (1 kg = 8,78 €)
2022-12-18;1045111;REWE Beste Wahl;Karotten 1kg;139;1kg
2022-12-18;2003452;REWE Beste Wahl;Kräuterseitling 150g;299;150g (1 kg = 19,93 €)
2022-12-18;1040657;REWE Beste Wahl;Paprika Mix 500g;199;500g (1 kg = 3,98 €)
2022-12-18;1902921;REWE Beste Wahl;Paprika rot 500g;139;500g (1 kg = 2,78 €)
2022-12-18;167162;REWE Beste Wahl;REWE Alaska Seelachsfilet paniert 800g;499;800g (1 kg = 6,24 €)
2022-12-18;8019360;REWE Beste Wahl;REWE Beste Wahl 10 Mini Frühlingsrollen 280g;219;280g (1 kg = 7,82 €)
2022-12-18;118021;REWE Beste Wahl;REWE Beste Wahl 4-Käse-Tortelloni 1kg;449;1000g
2022-12-18;8496253;REWE Beste Wahl;REWE Beste Wahl 5-Frucht Cocktail 250g;199;250g (1 kg = 7,96 €)
2022-12-18;8654134;REWE Beste Wahl;REWE Beste Wahl ASC Garnelenpfanne Knoblauch 275g;599;275g (1 kg = 21,78 €)
2022-12-18;1475705;REWE Beste Wahl;REWE Beste Wahl Aglio Olio & Peperoncino 100g;149;100g (1 kg = 14,90 €)
2022-12-18;8798062;REWE Beste Wahl;REWE Beste Wahl Aioli Sauce 300ml;119;300ml (1 l = 3,97 €)
2022-12-18;167132;REWE Beste Wahl;REWE Beste Wahl Alaska Seelachsfilets tiefgefroren 400g;299;400g (1 kg = 7,48 €)
2022-12-18;139591;REWE Beste Wahl;REWE Beste Wahl Allgäuer Emmentaler am Stück 250g;339;250g (1 kg = 13,56 €)
2022-12-18;945950;REWE Beste Wahl;REWE Beste Wahl Ananas Dessertstücke gezuckert 340g;219;340g (1 kg = 6,44 €)
2022-12-18;1172975;REWE Beste Wahl;REWE Beste Wahl Ananas in Scheiben gezuckert 340g;199;340g (1 kg = 5,85 €)
2022-12-18;8034829;REWE Beste Wahl;REWE Beste Wahl Ananas in Stücken 500g;249;500g (1 kg = 4,98 €)
2022-12-18;689156;REWE Beste Wahl;REWE Beste Wahl Ananassaft 1l;199;1l
2022-12-18;1201873;REWE Beste Wahl;REWE Beste Wahl Ananasstücke 142g;99;142g (1 kg = 6,97 €)
2022-12-18;8340533;REWE Beste Wahl;REWE Beste Wahl Angus Burger 300g, 2 Patties;399;300g (1 kg = 13,30 €)
2022-12-18;710527;REWE Beste Wahl;REWE Beste Wahl Antipasti Artischockenherzen 280g;189;280g (1 kg = 6,75 €)
2022-12-18;710568;REWE Beste Wahl;REWE Beste Wahl Antipasti Gegrillte Champignons 280g;229;150g (1 kg = 8,18 €)
2022-12-18;1186852;REWE Beste Wahl;REWE Beste Wahl Antipasti Grüne Oliven gefüllt mit Knoblauch 280g;199;160g (1 kg = 12,44 €)
2022-12-18;8098471;REWE Beste Wahl;REWE Beste Wahl Apfel Birnen Saft 1l;139;1l
2022-12-18;8782154;REWE Beste Wahl;REWE Beste Wahl Apfel Himbeer Hibiskus Saft 1l;239;1l
2022-12-18;8273879;REWE Beste Wahl;REWE Beste Wahl Apfel schwarze Johannisbeere Himbeere 1l;139;1l
2022-12-18;1209672;REWE Beste Wahl;REWE Beste Wahl Apfel-Aprikosenmus 370ml;109;355g (1 kg = 3,07 €)
2022-12-18;8331440;REWE Beste Wahl;REWE Beste Wahl Apfelessig klar 1l;119;1l
2022-12-18;130632;REWE Beste Wahl;REWE Beste Wahl Apfelmus 355g;109;355g (1 kg = 3,07 €)
2022-12-18;157075;REWE Beste Wahl;REWE Beste Wahl Apfelrotkohl 450g;99;450g (1 kg = 2,20 €)
2022-12-18;8032701;REWE Beste Wahl;REWE Beste Wahl Apfelsaft naturtrüb 1l;159;1l
2022-12-18;135202;REWE Beste Wahl;REWE Beste Wahl Apfelsaft naturtrüb 1l;99;1l
2022-12-18;2181717;REWE Beste Wahl;REWE Beste Wahl Apfelschorle 6x0,5l;354;6x0,50l (1 l = 1,18 €)
2022-12-18;2181725;REWE Beste Wahl;REWE Beste Wahl Apfelschorle 6x1l;534;6x1l (1 l = 0,89 €)
2022-12-18;137830;REWE Beste Wahl;REWE Beste Wahl Aprikosen halbe Frucht 475g;259;475g (1 kg = 5,45 €)
2022-12-18;704320;REWE Beste Wahl;REWE Beste Wahl Artischocken ganze Herzen 165g;219;165g (1 kg = 13,27 €)
2022-12-18;2107316;REWE Beste Wahl;REWE Beste Wahl Artischockenherzen 160g;279;160g (1 kg = 17,44 €)
2022-12-18;7076526;REWE Beste Wahl;REWE Beste Wahl Asia Pfannengemüse 500g;189;500g (1 kg = 3,78 €)
2022-12-18;2752289;REWE Beste Wahl;REWE Beste Wahl Atemfrei Taschentücher 10x10 Stück;169;NaN
2022-12-18;7283951;REWE Beste Wahl;REWE Beste Wahl Atlantisches Kabeljaufilet 3-6 Filets, 475g;619;475g (1 kg = 13,03 €)
2022-12-18;7054479;REWE Beste Wahl;REWE Beste Wahl Baguette Salami luftgetrocknet 80g;179;80g (1 kg = 22,38 €)
2022-12-18;1929696;REWE Beste Wahl;REWE Beste Wahl Baked Beans in Tomatensoße 420g;129;420g (1 kg = 3,07 €)
2022-12-18;678949;REWE Beste Wahl;REWE Beste Wahl Bambussprossen 175g;129;175g (1 kg = 7,37 €)
2022-12-18;1028378;REWE Beste Wahl;REWE Beste Wahl Banane ca. 200g;38;1 Stück ca. 200 g (1 kg = 1,89 €)
2022-12-18;135306;REWE Beste Wahl;REWE Beste Wahl Bananennektar 1l;139;1l
2022-12-18;7193879;REWE Beste Wahl;REWE Beste Wahl Bandnudeln 500g;139;500g (1 kg = 2,78 €)
2022-12-18;8414675;REWE Beste Wahl;REWE Beste Wahl Basilikum gerebelt 14g;169;14g (1 kg = 120,71 €)
2022-12-18;7054405;REWE Beste Wahl;REWE Beste Wahl Belgische Meeresfrüchte 250g;229;250g (1 kg = 9,16 €)
2022-12-18;1290608;REWE Beste Wahl;REWE Beste Wahl Bihunsuppe 400ml;139;400ml (1 l = 3,48 €)
2022-12-18;8549597;REWE Beste Wahl;REWE Beste Wahl Binden Maxi Super 15 Stück;65;15 Stück
2022-12-18;7874632;REWE Beste Wahl;REWE Beste Wahl Binden Ultra Nacht 12 Stück;129;12 Stück
2022-12-18;8632184;REWE Beste Wahl;REWE Beste Wahl Bio Abfallbeutel 15l 15 Stück;249;15 Stück
2022-12-18;8275402;REWE Beste Wahl;REWE Beste Wahl Biskuit Obsttortenboden 250g;179;250g (1 kg = 7,16 €)
2022-12-18;877173;REWE Beste Wahl;REWE Beste Wahl Blumenerde 10l;249;10l (1 l = 0,25 €)
2022-12-18;8625852;REWE Beste Wahl;REWE Beste Wahl Blutorangensaft 1l;219;1l
2022-12-18;8014781;REWE Beste Wahl;REWE Beste Wahl Bohnenkraut gerebelt 13g;169;13g (1 kg = 130 €)
2022-12-18;7123786;REWE Beste Wahl;REWE Beste Wahl Bolognese Sauce 380ml;199;380ml (1 l = 5,24 €)
2022-12-18;7857695;REWE Beste Wahl;REWE Beste Wahl Bourbon Vanille Bechereis vegan 500ml;299;500ml (1 l = 5,98 €)
2022-12-18;8722098;REWE Beste Wahl;REWE Beste Wahl Bourbon Vanille Schokolade 100g;89;100g (1 kg = 8,90 €)
2022-12-18;7271714;REWE Beste Wahl;REWE Beste Wahl Bourbon-Vanille Waffeln 165g;159;165g (1 kg = 9,64 €)
2022-12-18;1383228;REWE Beste Wahl;REWE Beste Wahl Bourbon-Vanilleschoten 2 Stück;299;2 Stück
2022-12-18;2591297;REWE Beste Wahl;REWE Beste Wahl Brasil ganze Bohne 1kg;1099;1000g
2022-12-18;8372258;REWE Beste Wahl;REWE Beste Wahl Braune Linsen 400g;129;265g (1 kg = 4,87 €)
2022-12-18;252460;REWE Beste Wahl;REWE Beste Wahl Brotzeit-Gurken süß-sauer 290g;129;290g (1 kg = 4,45 €)
2022-12-18;8544640;REWE Beste Wahl;REWE Beste Wahl Buchen Grillholzkohle 2,5kg;499;2,50kg (1 kg = 2 €)
2022-12-18;8710547;REWE Beste Wahl;REWE Beste Wahl Bulgursalat vegan 200g;139;200g (1 kg = 6,95 €)
2022-12-18;8654479;REWE Beste Wahl;REWE Beste Wahl Burger Patties vegan 227g;279;227g (1 kg = 12,29 €)
2022-12-18;2535656;REWE Beste Wahl;REWE Beste Wahl Butter Chicken Sauce 350g;179;350g (1 kg = 5,11 €)
2022-12-18;7076144;REWE Beste Wahl;REWE Beste Wahl Butter Croissants 200g;199;200g (1 kg = 9,95 €)
2022-12-18;7293036;REWE Beste Wahl;REWE Beste Wahl Buttercroissants 360g;299;360g (1 kg = 8,31 €)
2022-12-18;945673;REWE Beste Wahl;REWE Beste Wahl Butterspritzgebäck 400g;229;400g (1 kg = 5,73 €)
2022-12-18;138469;REWE Beste Wahl;REWE Beste Wahl Bäcker-Brötchen 360g;99;360g (1 kg = 2,75 €)
2022-12-18;8698487;REWE Beste Wahl;REWE Beste Wahl Cannelloni 250g;149;250g (1 kg = 5,96 €)
2022-12-18;3015611;REWE Beste Wahl;REWE Beste Wahl Cannelloni Bolognese 400g;189;400g (1 kg = 4,73 €)
2022-12-18;8278617;REWE Beste Wahl;REWE Beste Wahl Carbonara 400g;149;400g (1 kg = 3,73 €)
2022-12-18;8412884;REWE Beste Wahl;REWE Beste Wahl Cayennepfeffer gemahlen 39g;189;39g (1 kg = 48,46 €)
2022-12-18;1198763;REWE Beste Wahl;REWE Beste Wahl Champignons 315g;289;315g (1 kg = 9,17 €)
2022-12-18;1928831;REWE Beste Wahl;REWE Beste Wahl Champignons braun 250g;199;250g (1 kg = 7,96 €)
2022-12-18;1198757;REWE Beste Wahl;REWE Beste Wahl Champignons ganze Köpfe 190g;189;200g (1 kg = 9,45 €)
2022-12-18;7136380;REWE Beste Wahl;REWE Beste Wahl Champignons in Scheiben 450g;149;450g (1 kg = 3,31 €)
2022-12-18;2815866;REWE Beste Wahl;REWE Beste Wahl Chia Brötchen 320g;239;320g (1 kg = 7,47 €)
2022-12-18;8614613;REWE Beste Wahl;REWE Beste Wahl Chicken Cheese Nuggets 400g;379;400g (1 kg = 9,48 €)
2022-12-18;1185231;REWE Beste Wahl;REWE Beste Wahl Chili con Carne pikant 405g;189;405g (1 kg = 4,67 €)
2022-12-18;2261993;REWE Beste Wahl;REWE Beste Wahl Chili sin Carne vegan 400g;179;400g (1 kg = 4,48 €)
2022-12-18;734579;REWE Beste Wahl;REWE Beste Wahl Chilibohnen in Sauce 420g;129;420g (1 kg = 3,07 €)
2022-12-18;8333001;REWE Beste Wahl;REWE Beste Wahl Chiliflocken feurig scharf 26g;199;26g (1 kg = 76,54 €)
2022-12-18;8088158;REWE Beste Wahl;REWE Beste Wahl Choc Sensation Schokoladeneiscreme 500ml;279;500ml (1 l = 5,58 €)
2022-12-18;8196115;REWE Beste Wahl;REWE Beste Wahl Choco Triple Eis vegan 500ml;399;500ml (1 l = 7,98 €)
2022-12-18;2281045;REWE Beste Wahl;REWE Beste Wahl Chocolate Brownies 360g;199;350g (1 kg = 5,69 €)
2022-12-18;7863692;REWE Beste Wahl;REWE Beste Wahl Chocolate Cookies 140g;129;140g (1 kg = 9,21 €)
2022-12-18;1076627;REWE Beste Wahl;REWE Beste Wahl Ciabatta 300g;139;300g (1 kg = 4,63 €)
2022-12-18;1079129;REWE Beste Wahl;REWE Beste Wahl Ciabatta-Brötchen 420g;239;420g (1 kg = 5,69 €)
2022-12-18;7216797;REWE Beste Wahl;REWE Beste Wahl Citrus Sirup 0,5l;179;0,50l (1 l = 3,58 €)
2022-12-18;8287679;REWE Beste Wahl;REWE Beste Wahl Clementinen Direktsaft 1l;199;1l
2022-12-18;2060201;REWE Beste Wahl;REWE Beste Wahl Cocktail-Cornichons 95g;129;95g (1 kg = 13,58 €)
2022-12-18;3095785;REWE Beste Wahl;REWE Beste Wahl Cookie Dough 500ml;279;500ml (1 l = 5,58 €)
2022-12-18;7839953;REWE Beste Wahl;REWE Beste Wahl Cordon Bleu vegan 2x125g;249;250g (1 kg = 9,96 €)
2022-12-18;2060203;REWE Beste Wahl;REWE Beste Wahl Cornichons 190g;129;190g (1 kg = 6,79 €)
2022-12-18;2060209;REWE Beste Wahl;REWE Beste Wahl Cornichons mit Chili 370ml;129;190g (1 kg = 6,79 €)
2022-12-18;2060210;REWE Beste Wahl;REWE Beste Wahl Cornichons mit Honig 190g;129;190g (1 kg = 6,79 €)
2022-12-18;8767550;REWE Beste Wahl;REWE Beste Wahl Couscoussalat 200g;139;200g (1 kg = 6,95 €)
2022-12-18;7802929;REWE Beste Wahl;REWE Beste Wahl Creme auf Kokosfett Basis vegan 150g;79;150g (1 kg = 5,27 €)
2022-12-18;888363;REWE Beste Wahl;REWE Beste Wahl Creme mit Aceto Balsamico di Modena IGP 250ml;239;250ml (1 l = 9,56 €)
2022-12-18;8559892;REWE Beste Wahl;REWE Beste Wahl Curry Vadouvan gemahlen 39g;189;39g (1 kg = 48,46 €)
2022-12-18;2546931;REWE Beste Wahl;REWE Beste Wahl Danish Buttercookies & Chocolate Chip Cookies 500g;349;500g (1 kg = 6,98 €)
2022-12-18;7163013;REWE Beste Wahl;REWE Beste Wahl Dekor Küchentücher 3x80 Blatt;339;3x80 Stück
2022-12-18;7160863;REWE Beste Wahl;REWE Beste Wahl Dekor Toilettenpapier 3-lagig 8x150 Blatt;339;8x150stück
2022-12-18;8775448;REWE Beste Wahl;REWE Beste Wahl Delikatess Feinschmecker Salami 70g;179;70g (1 kg = 25,57 €)
2022-12-18;314470;REWE Beste Wahl;REWE Beste Wahl Delikatess-Fleischsalat mit Gurken 200g;109;200g (1 kg = 5,45 €)
2022-12-18;314472;REWE Beste Wahl;REWE Beste Wahl Delikatess-Geflügelsalat 200g;159;200g (1 kg = 7,95 €)
2022-12-18;135750;REWE Beste Wahl;REWE Beste Wahl Delikatess-Gourmetsalami 80g;179;80g (1 kg = 22,38 €)
2022-12-18;135754;REWE Beste Wahl;REWE Beste Wahl Delikatess-Käsesalami 80g;179;80g (1 kg = 22,38 €)
2022-12-18;134745;REWE Beste Wahl;REWE Beste Wahl Delikatess-Lachsschinken 80g;219;80g (1 kg = 27,38 €)
2022-12-18;141114;REWE Beste Wahl;REWE Beste Wahl Delikatess-Metzgerschinken 150g;279;150g (1 kg = 18,60 €)
2022-12-18;146433;REWE Beste Wahl;REWE Beste Wahl Delikatess-Rostbratwurst grob 350g, 5 Stück;349;5x70g (1 kg = 9,97 €)
2022-12-18;1046968;REWE Beste Wahl;REWE Beste Wahl Delikatess-Rotkohl 650g;109;650g (1 kg = 1,68 €)
2022-12-18;376979;REWE Beste Wahl;REWE Beste Wahl Deutsches Corned Beef 100g;189;100g (1 kg = 18,90 €)
2022-12-18;8414302;REWE Beste Wahl;REWE Beste Wahl Dillspitzen geschnitten 10g;169;10g (1 kg = 169 €)
2022-12-18;8060891;REWE Beste Wahl;REWE Beste Wahl Dinkel Baguette 200g;239;250g (1 kg = 9,56 €)
2022-12-18;8112128;REWE Beste Wahl;REWE Beste Wahl Dinkel Brötchen 340g;199;340g (1 kg = 5,85 €)
2022-12-18;8597186;REWE Beste Wahl;REWE Beste Wahl Dinkel Toastbrötchen 335g;129;335g (1 kg = 3,85 €)
2022-12-18;8498107;REWE Beste Wahl;REWE Beste Wahl Dry Tonic Water 6x1l;474;6x1l (1 l = 0,79 €)
2022-12-18;7875014;REWE Beste Wahl;REWE Beste Wahl Duft Müllbeutel Limette 35l 25 Stück;179;35l (1 l = 0,05 €)
2022-12-18;7243834;REWE Beste Wahl;REWE Beste Wahl Duftmüllbeutel 20l Zugbeutel 25 Stück;179;25 Stück
2022-12-18;7180092;REWE Beste Wahl;REWE Beste Wahl Duftmüllbeutel 50l 20 Stück;179;20 Stück
2022-12-18;1413012;REWE Beste Wahl;REWE Beste Wahl Duo Schoko-Creme 400g;169;400g (1 kg = 4,23 €)
2022-12-18;2331793;REWE Beste Wahl;REWE Beste Wahl Duo-Muffins Backmischung 335g;199;380g (1 kg = 5,24 €)
2022-12-18;8131642;REWE Beste Wahl;REWE Beste Wahl Eco Color Waschmittel 1,5l - 22 WL;349;1,50l (1 l = 2,33 €)
2022-12-18;8217836;REWE Beste Wahl;REWE Beste Wahl Eco Hand Spülmittel Aloe Vera 500ml;115;500ml (1 l = 2,30 €)
2022-12-18;7220526;REWE Beste Wahl;REWE Beste Wahl Eco Recycling Taschentücher Box 100 Stück;145;100 Stück
2022-12-18;8218945;REWE Beste Wahl;REWE Beste Wahl Eco WC-Reiniger Zitrus 750ml;129;750ml (1 l = 1,72 €)
2022-12-18;450444;REWE Beste Wahl;REWE Beste Wahl Edel-Nuss-Mix 125g;269;125g (1 kg = 21,52 €)
2022-12-18;7194888;REWE Beste Wahl;REWE Beste Wahl Eiernudeln Spiralen 500g;139;500g (1 kg = 2,78 €)
2022-12-18;8111550;REWE Beste Wahl;REWE Beste Wahl Eisbergsalat mit Kräutern 175g;149;175g (1 kg = 8,51 €)
2022-12-18;8267730;REWE Beste Wahl;REWE Beste Wahl Entkalker für Haushaltsgeräte 250ml;99;250ml (1 l = 3,96 €)
2022-12-18;1977824;REWE Beste Wahl;REWE Beste Wahl Erbsen extra fein 455g;139;455g (1 kg = 3,05 €)
2022-12-18;116900;REWE Beste Wahl;REWE Beste Wahl Erbsen sehr fein mit Karotten 215g;99;215g (1 kg = 4,60 €)
2022-12-18;116911;REWE Beste Wahl;REWE Beste Wahl Erbsen sehr fein mit Pariser Karotten klein 420g;169;420g (1 kg = 4,02 €)
2022-12-18;8188779;REWE Beste Wahl;REWE Beste Wahl Erdbeer-Rhabarber-Streusel-Kuchen 550g;329;550g (1 kg = 5,98 €)
2022-12-18;8512950;REWE Beste Wahl;REWE Beste Wahl Erdbeere Fruchtaufstrich 200g;129;250g (1 kg = 5,16 €)
2022-12-18;2184085;REWE Beste Wahl;REWE Beste Wahl Erdbeere Konfitüre extra 340g;169;340g (1 kg = 4,97 €)
2022-12-18;7144888;REWE Beste Wahl;REWE Beste Wahl Erdbeeren 500g;279;500g (1 kg = 5,58 €)
2022-12-18;8354256;REWE Beste Wahl;REWE Beste Wahl Erdbeeren gezuckert 245g;299;245g (1 kg = 12,20 €)
2022-12-18;8381866;REWE Beste Wahl;REWE Beste Wahl Erdnüsse grosse Kerne geröstet 200g;99;200g (1 kg = 4,95 €)
2022-12-18;115378;REWE Beste Wahl;REWE Beste Wahl Espresso Italienische Art 250g;429;250g (1 kg = 17,16 €)
2022-12-18;7873673;REWE Beste Wahl;REWE Beste Wahl Express Basmati Reis 250g;99;250g (1 kg = 3,96 €)
2022-12-18;7853986;REWE Beste Wahl;REWE Beste Wahl Fairtrade Multivitamin Nektar 1l;179;1l
2022-12-18;3199422;REWE Beste Wahl;REWE Beste Wahl Farbfangtücher 24 Stück;189;24 Stück
2022-12-18;116870;REWE Beste Wahl;REWE Beste Wahl Feine Gürkchen 300g;189;300g (1 kg = 6,30 €)
2022-12-18;8843150;REWE Beste Wahl;REWE Beste Wahl Feine Kochcreme 250ml;99;250ml (1 l = 3,96 €)
2022-12-18;681566;REWE Beste Wahl;REWE Beste Wahl Feine Marzipan-Rohmasse 200g;149;200g (1 kg = 7,45 €)
2022-12-18;7097929;REWE Beste Wahl;REWE Beste Wahl Feinschmecker Hähnchen 1200g;559;1200g (1 kg = 4,66 €)
2022-12-18;2136522;REWE Beste Wahl;REWE Beste Wahl Feinschmecker-Rotkohl mit Preiselbeeren 400g;119;400g (1 kg = 2,98 €)
2022-12-18;8082671;REWE Beste Wahl;REWE Beste Wahl Fettarmer Joghurt mild 1,5 % Fett 1kg;185;1kg
2022-12-18;7863984;REWE Beste Wahl;REWE Beste Wahl Fettuccine Lachs 360g;199;360g (1 kg = 5,53 €)
2022-12-18;8069624;REWE Beste Wahl;REWE Beste Wahl Fischburger Alaska-Seelachs 4x62,5g, 250g;99;250g (1 kg = 3,96 €)
2022-12-18;8646472;REWE Beste Wahl;REWE Beste Wahl Fischstäbchen mit Knusperpanade 250g;279;250g (1 kg = 11,16 €)
2022-12-18;8568062;REWE Beste Wahl;REWE Beste Wahl Fladenbrot 500g;179;500g (1 kg = 3,58 €)
2022-12-18;7854275;REWE Beste Wahl;REWE Beste Wahl Frikadelle mit Möhrengemüse 400g;329;400g (1 kg = 8,23 €)
2022-12-18;8485820;REWE Beste Wahl;REWE Beste Wahl Frischella Frischkäse Extra Sahnig 200g;139;200g (1 kg = 6,95 €)
2022-12-18;2357277;REWE Beste Wahl;REWE Beste Wahl Fruchtjoghurt Kokos & Schokoballs 250g;59;250g (1 kg = 2,36 €)
2022-12-18;112277;REWE Beste Wahl;REWE Beste Wahl Fruchtjoghurt mild Kirsche 250g;59;250g (1 kg = 2,36 €)
2022-12-18;112307;REWE Beste Wahl;REWE Beste Wahl Fruchtjoghurt mild Waldfrucht 250g;59;250g (1 kg = 2,36 €)
2022-12-18;8086301;REWE Beste Wahl;REWE Beste Wahl Fusilli Tricolore 500g;139;500g (1 kg = 2,78 €)
2022-12-18;8195225;REWE Beste Wahl;REWE Beste Wahl Gallseife 250ml;149;250ml (1 l = 5,96 €)
2022-12-18;8330193;REWE Beste Wahl;REWE Beste Wahl Garam Masala Gewürzmischung 33g;199;33g (1 kg = 60,30 €)
2022-12-18;318536;REWE Beste Wahl;REWE Beste Wahl Garnelensalat in Cocktailsauce 150g;239;150g (1 kg = 15,93 €)
2022-12-18;136841;REWE Beste Wahl;REWE Beste Wahl Geflügel-Wiener mit Rapsöl 250g, 5 Stück;329;250g (1 kg = 13,16 €)
2022-12-18;8532089;REWE Beste Wahl;REWE Beste Wahl Gefrierbeutel 1l 20 Stück;195;20 Stück
2022-12-18;7936104;REWE Beste Wahl;REWE Beste Wahl Gefrierbeutel 3l 15 Stück;195;15 Stück
2022-12-18;8364343;REWE Beste Wahl;REWE Beste Wahl Gefüllte Weinblätter mit Reis 200g;149;200g (1 kg = 7,45 €)
2022-12-18;7083020;REWE Beste Wahl;REWE Beste Wahl Gemüsepfanne Frankreich mit Kräutern der Provence 500g;189;500g (1 kg = 3,78 €)
2022-12-18;7075722;REWE Beste Wahl;REWE Beste Wahl Gemüsepfanne Winter 500g;189;500g (1 kg = 3,78 €)
2022-12-18;3251199;REWE Beste Wahl;REWE Beste Wahl Geschabte Spätzle 500g;159;500g (1 kg = 3,18 €)
2022-12-18;1044599;REWE Beste Wahl;REWE Beste Wahl Geschälte Tomaten 400g;79;240g (1 kg = 1,98 €)
2022-12-18;710524;REWE Beste Wahl;REWE Beste Wahl Getrocknete Tomaten 280g;139;280g (1 kg = 4,96 €)
2022-12-18;2149329;REWE Beste Wahl;REWE Beste Wahl Ginger Ale 6x1l;474;6x1l (1 l = 0,79 €)
2022-12-18;8085169;REWE Beste Wahl;REWE Beste Wahl Glaserkeramikreiniger 300ml;99;300ml (1 l = 3,30 €)
2022-12-18;941231;REWE Beste Wahl;REWE Beste Wahl Gnocchi 1kg;329;1000g
2022-12-18;118000;REWE Beste Wahl;REWE Beste Wahl Gnocchi 400g;169;400g (1 kg = 4,23 €)
2022-12-18;8334681;REWE Beste Wahl;REWE Beste Wahl Gouda Holland 51% Fett i. Tr. 175g;239;175g (1 kg = 13,66 €)
2022-12-18;8336375;REWE Beste Wahl;REWE Beste Wahl Gouda Holland alt 150g;239;150g (1 kg = 15,93 €)
2022-12-18;8048590;REWE Beste Wahl;REWE Beste Wahl Gouda Holland jung 210g;239;210g (1 kg = 11,38 €)
2022-12-18;7280371;REWE Beste Wahl;REWE Beste Wahl Gouda gerieben 150g;179;150g (1 kg = 11,93 €)
2022-12-18;8377443;REWE Beste Wahl;REWE Beste Wahl Granatapfelkerne 300g;219;300g (1 kg = 7,30 €)
2022-12-18;1302379;REWE Beste Wahl;REWE Beste Wahl Griechische Pfefferonen scharf 125g;99;125g (1 kg = 7,92 €)
2022-12-18;2109064;REWE Beste Wahl;REWE Beste Wahl Grießpudding Zimt 150g;55;150g (1 kg = 3,67 €)
2022-12-18;2109063;REWE Beste Wahl;REWE Beste Wahl Grießpudding pur 150g;55;150g (1 kg = 3,67 €)
2022-12-18;371368;REWE Beste Wahl;REWE Beste Wahl Grüne Bohnen 280g;199;280g (1 kg = 7,11 €)
2022-12-18;1423305;REWE Beste Wahl;REWE Beste Wahl Grüne Currypaste würzig-scharf 110g;129;110g (1 kg = 11,73 €)
2022-12-18;1134694;REWE Beste Wahl;REWE Beste Wahl Grüne Oliven gefüllt mit Chili 150g;229;150g (1 kg = 15,27 €)
2022-12-18;1134690;REWE Beste Wahl;REWE Beste Wahl Grüne Oliven gefüllt mit Mandeln 160g;199;160g (1 kg = 12,44 €)
2022-12-18;1134677;REWE Beste Wahl;REWE Beste Wahl Grüne Oliven gefüllt mit Parmesan-Mandel-Creme 160g;229;160g (1 kg = 14,31 €)
2022-12-18;1302314;REWE Beste Wahl;REWE Beste Wahl Grüne Oliven ohne Stein 135g;179;135g (1 kg = 13,26 €)
2022-12-18;2348240;REWE Beste Wahl;REWE Beste Wahl Grüne-Bohnen-Eintopf 800g;199;800g (1 kg = 2,49 €)
2022-12-18;7115374;REWE Beste Wahl;REWE Beste Wahl Grünkohl 1000g;169;1000g
2022-12-18;197010;REWE Beste Wahl;REWE Beste Wahl Gulaschsuppe 400ml;199;400g (1 kg = 4,98 €)
2022-12-18;2386391;REWE Beste Wahl;REWE Beste Wahl Gulaschsuppe 800g;379;800g (1 kg = 4,74 €)
2022-12-18;119678;REWE Beste Wahl;REWE Beste Wahl Gurkensticks 360g;139;360g (1 kg = 3,86 €)
2022-12-18;8351000;REWE Beste Wahl;REWE Beste Wahl Gyros Gewürzsalz 48g;189;48g (1 kg = 39,38 €)
2022-12-18;8767175;REWE Beste Wahl;REWE Beste Wahl Gyros vegan 300g;229;300g (1 kg = 7,63 €)
2022-12-18;2821417;REWE Beste Wahl;REWE Beste Wahl H-Sahne zum Kochen 15% 200g;65;200g (1 kg = 3,25 €)
2022-12-18;8613284;REWE Beste Wahl;REWE Beste Wahl Hack vegan 275g;299;275g (1 kg = 10,87 €)
2022-12-18;8659391;REWE Beste Wahl;REWE Beste Wahl Hafer Joghurt Natur vegan 400g;149;400g (1 kg = 3,73 €)
2022-12-18;994524;REWE Beste Wahl;REWE Beste Wahl Haselnusskerne gemahlen 100g;179;100g (1 kg = 17,90 €)
2022-12-18;8330642;REWE Beste Wahl;REWE Beste Wahl Haselnusskerne geröstet & gehackt 100g;179;100g (1 kg = 17,90 €)
2022-12-18;2184091;REWE Beste Wahl;REWE Beste Wahl Heidelbeer-Konfitüre 340g;169;340g (1 kg = 4,97 €)
2022-12-18;7144527;REWE Beste Wahl;REWE Beste Wahl Heidelbeeren 500g;299;500g (1 kg = 5,98 €)
2022-12-18;8427595;REWE Beste Wahl;REWE Beste Wahl Herzchen Mix 60g;119;60g (1 kg = 19,83 €)
2022-12-18;8333175;REWE Beste Wahl;REWE Beste Wahl Herzogin Kartoffeln 600g;139;600g (1 kg = 2,32 €)
2022-12-18;7856904;REWE Beste Wahl;REWE Beste Wahl High Protein Eis Cookies & Cream 500ml;299;500ml (1 l = 5,98 €)
2022-12-18;8475285;REWE Beste Wahl;REWE Beste Wahl High Protein Eis Double Chocolate 500ml;299;500ml (1 l = 5,98 €)
2022-12-18;8475664;REWE Beste Wahl;REWE Beste Wahl High Protein Eis Vanille Salted Caramel 500ml;299;500ml (1 l = 5,98 €)
2022-12-18;8665134;REWE Beste Wahl;REWE Beste Wahl High Protein Mousse au Chocolat 150g;89;150g (1 kg = 5,93 €)
2022-12-18;7862433;REWE Beste Wahl;REWE Beste Wahl High Protein Pudding Grieß Pur 200g;99;200g (1 kg = 4,95 €)
2022-12-18;8518472;REWE Beste Wahl;REWE Beste Wahl High Protein Pudding Haselnuss 200g;99;200g (1 kg = 4,95 €)
2022-12-18;8519217;REWE Beste Wahl;REWE Beste Wahl High Protein Pudding Salted Caramel 200g;99;200g (1 kg = 4,95 €)
2022-12-18;8410940;REWE Beste Wahl;REWE Beste Wahl High Protein Pudding Schoko 200g;99;200g (1 kg = 4,95 €)
2022-12-18;8029347;REWE Beste Wahl;REWE Beste Wahl High Protein Pudding Vanille 200g;99;200g (1 kg = 4,95 €)
2022-12-18;708264;REWE Beste Wahl;REWE Beste Wahl Himbeer-Getränkesirup 0,5l;149;0,50l (1 l = 2,98 €)
2022-12-18;7158180;REWE Beste Wahl;REWE Beste Wahl Himbeer-Heidelbeer-Mix 300g;229;300g (1 kg = 7,63 €)
2022-12-18;7091046;REWE Beste Wahl;REWE Beste Wahl Himbeeren 500g;419;500g (1 kg = 8,38 €)
2022-12-18;185597;REWE Beste Wahl;REWE Beste Wahl Himbeeren gezuckert 130g;179;130g (1 kg = 13,77 €)
2022-12-18;505265;REWE Beste Wahl;REWE Beste Wahl Hirten-Salat 150g;219;150g (1 kg = 14,60 €)
2022-12-18;975749;REWE Beste Wahl;REWE Beste Wahl Hirtenkäse 280g;249;280g (1 kg = 8,89 €)
2022-12-18;1229039;REWE Beste Wahl;REWE Beste Wahl Holunderblüten-Getränkesirup 0,5l;179;0,50l (1 l = 3,58 €)
2022-12-18;2327948;REWE Beste Wahl;REWE Beste Wahl Honey Peppers 150g;219;150g (1 kg = 14,60 €)
2022-12-18;8273841;REWE Beste Wahl;REWE Beste Wahl Hot Dog Rolls Broiche 6 Stück;199;270g (1 kg = 7,37 €)
2022-12-18;8109064;REWE Beste Wahl;REWE Beste Wahl Hygiene Einlagen Maxi 8 Stück;229;8 Stück
2022-12-18;2255636;REWE Beste Wahl;REWE Beste Wahl Hygiene Pants Medium Diskret 10 Stück;599;10 Stück
2022-12-18;7898935;REWE Beste Wahl;REWE Beste Wahl Hygiene Spülmaschinen Pfleger 250ml;125;250ml (1 l = 5 €)
2022-12-18;2241816;REWE Beste Wahl;REWE Beste Wahl Hygieneeinlagen Extra 12 Stück;229;12 Stück
2022-12-18;2241851;REWE Beste Wahl;REWE Beste Wahl Hygieneeinlagen Normal 14 Stück;229;14 Stück
2022-12-18;2241841;REWE Beste Wahl;REWE Beste Wahl Hygieneeinlagen plus 10 Stück;229;10 Stück
2022-12-18;8079152;REWE Beste Wahl;REWE Beste Wahl Hygienereiniger 1,5l;179;1,50l (1 l = 1,19 €)
2022-12-18;2832074;REWE Beste Wahl;REWE Beste Wahl Hygienespray 250ml;179;250ml (1 l = 7,16 €)
2022-12-18;8089929;REWE Beste Wahl;REWE Beste Wahl Hygienespüler 1,5l;185;1500ml (1 l = 1,23 €)
2022-12-18;7259597;REWE Beste Wahl;REWE Beste Wahl Hygienetücher 15 Stück;149;15 Stück
2022-12-18;374167;REWE Beste Wahl;REWE Beste Wahl Hähnchenfleisch in Rindergelatine 100g;129;100g (1 kg = 12,90 €)
2022-12-18;3029454;REWE Beste Wahl;REWE Beste Wahl Hähnchenpfanne Farfalle 750g;369;750g (1 kg = 4,92 €)
2022-12-18;7125949;REWE Beste Wahl;REWE Beste Wahl Hänhnchen-Salami 80g;169;80g (1 kg = 21,13 €)
2022-12-18;8763146;REWE Beste Wahl;REWE Beste Wahl Hühner Nudeltopf 800g;199;800g (1 kg = 2,49 €)
2022-12-18;1411213;REWE Beste Wahl;REWE Beste Wahl Hühner-Reistopf 400g;139;400g (1 kg = 3,48 €)
2022-12-18;267429;REWE Beste Wahl;REWE Beste Wahl Hühnerfrikassee 450g;219;450g (1 kg = 4,87 €)
2022-12-18;7129834;REWE Beste Wahl;REWE Beste Wahl Inkontinenz-Pant Groß 10 Stück;745;10 Stück
2022-12-18;8566008;REWE Beste Wahl;REWE Beste Wahl Isländische Rotbarschfilets 475g;699;475g (1 kg = 14,72 €)
2022-12-18;8061778;REWE Beste Wahl;REWE Beste Wahl Italienische Kräuter 13g;189;13g (1 kg = 145,38 €)
2022-12-18;2286314;REWE Beste Wahl;REWE Beste Wahl Jalapeños in Scheiben 280g;169;180g (1 kg = 9,39 €)
2022-12-18;614817;REWE Beste Wahl;REWE Beste Wahl Jodsalz 500g;59;500g (1 kg = 1,18 €)
2022-12-18;2357273;REWE Beste Wahl;REWE Beste Wahl Joghurt Vanille & Schokoballs 250g;59;250g (1 kg = 2,36 €)
2022-12-18;8301065;REWE Beste Wahl;REWE Beste Wahl Joghurt mild 3,5 % Fett 1kg;185;1kg
2022-12-18;298657;REWE Beste Wahl;REWE Beste Wahl Joghurt mild Apfel-Granatapfel 250g;59;250g (1 kg = 2,36 €)
2022-12-18;112278;REWE Beste Wahl;REWE Beste Wahl Joghurt mild Erdbeere 250g;59;250g (1 kg = 2,36 €)
2022-12-18;112289;REWE Beste Wahl;REWE Beste Wahl Joghurt mild Heidelbeere 250g;59;250g (1 kg = 2,36 €)
2022-12-18;112287;REWE Beste Wahl;REWE Beste Wahl Joghurt mild Himbeere 250g;59;250g (1 kg = 2,36 €)
2022-12-18;112355;REWE Beste Wahl;REWE Beste Wahl Joghurt mild Nuss 250g;59;250g (1 kg = 2,36 €)
2022-12-18;2357274;REWE Beste Wahl;REWE Beste Wahl Joghurt mild Schokoballs 250g;59;250g (1 kg = 2,36 €)
2022-12-18;112352;REWE Beste Wahl;REWE Beste Wahl Joghurt mild Stracciatella 250g;59;250g (1 kg = 2,36 €)
2022-12-18;112350;REWE Beste Wahl;REWE Beste Wahl Joghurt mild Vanille 250g;59;250g (1 kg = 2,36 €)
2022-12-18;112309;REWE Beste Wahl;REWE Beste Wahl Joghurt mild Zitrone 250g;59;250g (1 kg = 2,36 €)
2022-12-18;2824641;REWE Beste Wahl;REWE Beste Wahl Jumbo Erdnüsse geröstet & gesalzen 200g;129;200g (1 kg = 6,45 €)
2022-12-18;157912;REWE Beste Wahl;REWE Beste Wahl Junge Erbsen mit Möhrchen 750g;149;750g (1 kg = 1,99 €)
2022-12-18;116973;REWE Beste Wahl;REWE Beste Wahl Junge Große Bohnen 420g;159;420g (1 kg = 3,79 €)
2022-12-18;157118;REWE Beste Wahl;REWE Beste Wahl Junger Spinat 450g;79;450g (1 kg = 1,76 €)
2022-12-18;8335418;REWE Beste Wahl;REWE Beste Wahl Kaiserkirschen entsteint 385g;239;385g (1 kg = 6,21 €)
2022-12-18;8088224;REWE Beste Wahl;REWE Beste Wahl Kaiserschoten 200g;249;200g (1 kg = 12,45 €)
2022-12-18;7816084;REWE Beste Wahl;REWE Beste Wahl Kalifornische Mandelkerne geröstet 150g;199;150g (1 kg = 13,27 €)
2022-12-18;994559;REWE Beste Wahl;REWE Beste Wahl Kalifornische Mandeln gehackt 100g;159;100g (1 kg = 15,90 €)
2022-12-18;994582;REWE Beste Wahl;REWE Beste Wahl Kalifornische Mandeln gehobelt 100g;159;100g (1 kg = 15,90 €)
2022-12-18;994552;REWE Beste Wahl;REWE Beste Wahl Kalifornische Mandeln gemahlen 100g;159;100g (1 kg = 15,90 €)
2022-12-18;710582;REWE Beste Wahl;REWE Beste Wahl Kapern Surfines 60g;99;60g (1 kg = 16,50 €)
2022-12-18;710583;REWE Beste Wahl;REWE Beste Wahl Kapernäpfel in Weißweinessig 130g;169;130g (1 kg = 13 €)
2022-12-18;8412459;REWE Beste Wahl;REWE Beste Wahl Kardamom gemahlen 25g;199;25g (1 kg = 79,60 €)
2022-12-18;1981279;REWE Beste Wahl;REWE Beste Wahl Karotten gewürfelt 850ml;159;530g (1 kg = 3 €)
2022-12-18;875438;REWE Beste Wahl;REWE Beste Wahl Karottensaft mit Honig 0,5l;69;0,50l (1 l = 1,38 €)
2022-12-18;117168;REWE Beste Wahl;REWE Beste Wahl Karottensalat 190g;69;190g (1 kg = 3,63 €)
2022-12-18;116760;REWE Beste Wahl;REWE Beste Wahl Kartoffeln 420g;139;420g (1 kg = 3,31 €)
2022-12-18;885018;REWE Beste Wahl;REWE Beste Wahl Kartoffelpüree komplett mit Milch 300g;179;300g (1 kg = 5,97 €)
2022-12-18;885035;REWE Beste Wahl;REWE Beste Wahl Kartoffelpüree würzig & kräftig 225g;179;225g (1 kg = 7,96 €)
2022-12-18;277688;REWE Beste Wahl;REWE Beste Wahl Kartoffelsalat mit Ei & Gurke 400g;159;400g (1 kg = 3,98 €)
2022-12-18;277689;REWE Beste Wahl;REWE Beste Wahl Kartoffelsalat mit Essig & Öl 400g;159;400g (1 kg = 3,98 €)
2022-12-18;8733873;REWE Beste Wahl;REWE Beste Wahl Kesselchips Salt & Vinegar 150g;129;150g (1 kg = 8,60 €)
2022-12-18;7801228;REWE Beste Wahl;REWE Beste Wahl Kichererbsenchips Paprika 85g;139;85g (1 kg = 16,35 €)
2022-12-18;7293408;REWE Beste Wahl;REWE Beste Wahl Kichererbsentopf 400ml;139;400ml (1 l = 3,48 €)
2022-12-18;8316703;REWE Beste Wahl;REWE Beste Wahl Kinder Punsch Alkoholfrei 1l;139;1l
2022-12-18;135083;REWE Beste Wahl;REWE Beste Wahl Kirsch-Bananen-Nektar 1l;139;1l
2022-12-18;2061877;REWE Beste Wahl;REWE Beste Wahl Kirsch-Sirup 0,5l;179;0,50l (1 l = 3,58 €)
2022-12-18;436948;REWE Beste Wahl;REWE Beste Wahl Kirschgrütze 360g;189;360g (1 kg = 5,25 €)
2022-12-18;2953026;REWE Beste Wahl;REWE Beste Wahl Knoblauch Siziliana 180g;159;190g (1 kg = 8,37 €)
2022-12-18;8575942;REWE Beste Wahl;REWE Beste Wahl Knoblauch granuliert 52g;199;52g (1 kg = 38,27 €)
2022-12-18;2953035;REWE Beste Wahl;REWE Beste Wahl Knoblauch nach toskanischer Art 180g;159;190g (1 kg = 8,37 €)
2022-12-18;3011754;REWE Beste Wahl;REWE Beste Wahl Knusper Müsli Honey Nuts 500g;239;500g (1 kg = 4,78 €)
2022-12-18;8066294;REWE Beste Wahl;REWE Beste Wahl Knusper Müsli Schoko&Keks 500g;239;500g (1 kg = 4,78 €)
2022-12-18;8069400;REWE Beste Wahl;REWE Beste Wahl Knusper Müsli Triple Choc 500g;239;500g (1 kg = 4,78 €)
2022-12-18;3011756;REWE Beste Wahl;REWE Beste Wahl Knusper Müsli weiße Schokolade Himbeere 500g;239;500g (1 kg = 4,78 €)
2022-12-18;7883267;REWE Beste Wahl;REWE Beste Wahl Knusperente 320g;659;320g (1 kg = 20,59 €)
2022-12-18;7001723;REWE Beste Wahl;REWE Beste Wahl Kochkäse OGT 20% 200g;149;200g (1 kg = 7,45 €)
2022-12-18;360529;REWE Beste Wahl;REWE Beste Wahl Kohlrouladen 800g;329;800g (1 kg = 4,11 €)
2022-12-18;3013023;REWE Beste Wahl;REWE Beste Wahl Kokosblumenerde 600g;229;0,60kg (1 kg = 3,82 €)
2022-12-18;792132;REWE Beste Wahl;REWE Beste Wahl Kokosmilch cremig 400ml;149;400ml (1 l = 3,73 €)
2022-12-18;7018956;REWE Beste Wahl;REWE Beste Wahl Kokosmilch fettreduziert 400ml;149;400ml (1 l = 3,73 €)
2022-12-18;8130266;REWE Beste Wahl;REWE Beste Wahl Kokosnussmilch Creme 250ml;119;250ml (1 l = 4,76 €)
2022-12-18;112916;REWE Beste Wahl;REWE Beste Wahl Kondensmilch 4% 200g;65;200g (1 kg = 3,25 €)
2022-12-18;8413767;REWE Beste Wahl;REWE Beste Wahl Koriander gemahlen 32g;189;32g (1 kg = 59,06 €)
2022-12-18;994604;REWE Beste Wahl;REWE Beste Wahl Korinthen 250g;149;250g (1 kg = 5,96 €)
2022-12-18;277678;REWE Beste Wahl;REWE Beste Wahl Krautsalat mit Paprika 400g;159;400g (1 kg = 3,98 €)
2022-12-18;8413269;REWE Beste Wahl;REWE Beste Wahl Kreuzkümmel gemahlen 35g;199;35g (1 kg = 56,86 €)
2022-12-18;1079126;REWE Beste Wahl;REWE Beste Wahl Krusti-Brötchen 440g;299;440g (1 kg = 6,80 €)
2022-12-18;8063148;REWE Beste Wahl;REWE Beste Wahl Kräuter der Provence Gewürzmischung 16g;189;16g (1 kg = 118,13 €)
2022-12-18;1302332;REWE Beste Wahl;REWE Beste Wahl Kräuter-Oliven ohne Stein 150g;199;150g (1 kg = 13,27 €)
2022-12-18;1061320;REWE Beste Wahl;REWE Beste Wahl Kuchenglasur Dunkel 150g;119;150g (1 kg = 7,93 €)
2022-12-18;1061315;REWE Beste Wahl;REWE Beste Wahl Kuchenglasur Vollmilch 150g;119;150g (1 kg = 7,93 €)
2022-12-18;8011973;REWE Beste Wahl;REWE Beste Wahl Kurkuma gemahlen 37g;189;37g (1 kg = 51,08 €)
2022-12-18;1939015;REWE Beste Wahl;REWE Beste Wahl Käsebällchen 175g;119;175g (1 kg = 6,80 €)
2022-12-18;8614161;REWE Beste Wahl;REWE Beste Wahl Käsekuchen 400g;239;400g (1 kg = 5,98 €)
2022-12-18;2348066;REWE Beste Wahl;REWE Beste Wahl Königsberger Klopse 800g;329;800g (1 kg = 4,11 €)
2022-12-18;7169771;REWE Beste Wahl;REWE Beste Wahl Königsberger Klopse mit Salzkartoffeln mit cremiger Kapernsauce 400g;349;400g (1 kg = 8,73 €)
2022-12-18;8014171;REWE Beste Wahl;REWE Beste Wahl Kümmel gemahlen 29g;199;29g (1 kg = 68,62 €)
2022-12-18;3230251;REWE Beste Wahl;REWE Beste Wahl LaMate 0,33l;65;0,33l (1 l = 1,97 €)
2022-12-18;8085934;REWE Beste Wahl;REWE Beste Wahl Lachsforelle mit Haut für 2 Portionen 300g;679;300g (1 kg = 22,63 €)
2022-12-18;2316984;REWE Beste Wahl;REWE Beste Wahl Lasagne Bolognese 400g;259;400g (1 kg = 6,48 €)
2022-12-18;672979;REWE Beste Wahl;REWE Beste Wahl Lasagneplatten 500g;189;500g (1 kg = 3,78 €)
2022-12-18;8519806;REWE Beste Wahl;REWE Beste Wahl Laugenbrötchen 360g;219;360g (1 kg = 6,08 €)
2022-12-18;2061726;REWE Beste Wahl;REWE Beste Wahl Laugenstangen 700g;179;718g (1 kg = 2,49 €)
2022-12-18;8023121;REWE Beste Wahl;REWE Beste Wahl Lebensmittel Farbpasten in rot, grün, gelb & blau 4x10g;199;4x10g (1 kg = 49,75 €)
2022-12-18;2631993;REWE Beste Wahl;REWE Beste Wahl Linguine al Bronzo 500g;139;500g (1 kg = 2,78 €)
2022-12-18;8320249;REWE Beste Wahl;REWE Beste Wahl Linsen Chips 90g;129;90g (1 kg = 14,33 €)
2022-12-18;2348312;REWE Beste Wahl;REWE Beste Wahl Linseneintopf 800g;199;800g (1 kg = 2,49 €)
2022-12-18;137874;REWE Beste Wahl;REWE Beste Wahl Lychees 255g;249;255g (1 kg = 9,76 €)
2022-12-18;8003683;REWE Beste Wahl;REWE Beste Wahl Madeleines 250g;189;250g (1 kg = 7,56 €)
2022-12-18;117180;REWE Beste Wahl;REWE Beste Wahl Maiskölbchen 190g;159;190g (1 kg = 8,37 €)
2022-12-18;8414775;REWE Beste Wahl;REWE Beste Wahl Majoran gerebelt 8g;189;8g
2022-12-18;8626953;REWE Beste Wahl;REWE Beste Wahl Mandarinensaft 100% 1l;199;1l
2022-12-18;2097513;REWE Beste Wahl;REWE Beste Wahl Mandelhörnchen 175g;229;175g (1 kg = 13,09 €)
2022-12-18;994589;REWE Beste Wahl;REWE Beste Wahl Mandeln gestiftelt 100g;159;100g (1 kg = 15,90 €)
2022-12-18;8744663;REWE Beste Wahl;REWE Beste Wahl Mango Nektar 1l;169;1l
2022-12-18;2198167;REWE Beste Wahl;REWE Beste Wahl Mango-Maracuja Konfitüre 340g;169;340g (1 kg = 4,97 €)
2022-12-18;593715;REWE Beste Wahl;REWE Beste Wahl Mango-Maracuja-Nektar 1l;159;1l
2022-12-18;137829;REWE Beste Wahl;REWE Beste Wahl Mango-Schnitten 250g;159;250g (1 kg = 6,36 €)
2022-12-18;2325024;REWE Beste Wahl;REWE Beste Wahl Mangostreifen 100g;229;100g (1 kg = 22,90 €)
2022-12-18;7823848;REWE Beste Wahl;REWE Beste Wahl Marmorkuchen Backmischung 490g;199;490g (1 kg = 4,06 €)
2022-12-18;7196860;REWE Beste Wahl;REWE Beste Wahl Marshmallows 300g;199;300g (1 kg = 6,63 €)
2022-12-18;3019481;REWE Beste Wahl;REWE Beste Wahl Maxi Binden Normal 20 Stück;65;20 Stück
2022-12-18;710560;REWE Beste Wahl;REWE Beste Wahl Mediterrane Spezialität Ajvar 195g;129;195g (1 kg = 6,62 €)
2022-12-18;7291462;REWE Beste Wahl;REWE Beste Wahl Mikrowellenpommes 140g;99;140g (1 kg = 7,07 €)
2022-12-18;7966574;REWE Beste Wahl;REWE Beste Wahl Milchbrötchen 480g;189;480g (1 kg = 3,94 €)
2022-12-18;2243391;REWE Beste Wahl;REWE Beste Wahl Milchschoko-Streusel 200g;139;200g (1 kg = 6,95 €)
2022-12-18;7904097;REWE Beste Wahl;REWE Beste Wahl Milde Orange 0,33l;65;0,33l (1 l = 1,97 €)
2022-12-18;7901727;REWE Beste Wahl;REWE Beste Wahl Milde Orange 1l;139;1l
2022-12-18;7902625;REWE Beste Wahl;REWE Beste Wahl Milder Apfel 0,33l;55;0,33l (1 l = 1,67 €)
2022-12-18;7896504;REWE Beste Wahl;REWE Beste Wahl Milder Apfel 1l;119;1l
2022-12-18;8593925;REWE Beste Wahl;REWE Beste Wahl Milder Multi 0,33l;59;0,33l (1 l = 1,79 €)
2022-12-18;8640590;REWE Beste Wahl;REWE Beste Wahl Milder Multi 1l;139;1l
2022-12-18;336931;REWE Beste Wahl;REWE Beste Wahl Mildes Weinsauerkraut 770g;99;770g (1 kg = 1,29 €)
2022-12-18;2181429;REWE Beste Wahl;REWE Beste Wahl Mineralwasser Classic 6x0,5l;174;6x0,50l (1 l = 0,58 €)
2022-12-18;2181377;REWE Beste Wahl;REWE Beste Wahl Mineralwasser Classic 6x1l;234;6x1l (1 l = 0,39 €)
2022-12-18;2181443;REWE Beste Wahl;REWE Beste Wahl Mineralwasser Medium 6x0,5l;174;6x0,50l (1 l = 0,58 €)
2022-12-18;2181389;REWE Beste Wahl;REWE Beste Wahl Mineralwasser Medium 6x1l;234;6x1l (1 l = 0,39 €)
2022-12-18;2181515;REWE Beste Wahl;REWE Beste Wahl Mineralwasser still 6x0,5l;174;6x0,50l (1 l = 0,58 €)
2022-12-18;2181399;REWE Beste Wahl;REWE Beste Wahl Mineralwasser still 6x1l;234;6x1l (1 l = 0,39 €)
2022-12-18;2146674;REWE Beste Wahl;REWE Beste Wahl Mini Donuts 273g;249;273g (1 kg = 9,12 €)
2022-12-18;8119866;REWE Beste Wahl;REWE Beste Wahl Mini Marshmallows Weiss & Rosa 100g;129;100g (1 kg = 12,90 €)
2022-12-18;2137786;REWE Beste Wahl;REWE Beste Wahl Mini-Champignons 115g;169;115g (1 kg = 14,70 €)
2022-12-18;333472;REWE Beste Wahl;REWE Beste Wahl Mini-Eclairs Vanille 200g;219;200g (1 kg = 10,95 €)
2022-12-18;133375;REWE Beste Wahl;REWE Beste Wahl Mirabellen mit Stein 385g;199;385g (1 kg = 5,17 €)
2022-12-18;1032766;REWE Beste Wahl;REWE Beste Wahl Mixed Pickles 190g;129;190g (1 kg = 6,79 €)
2022-12-18;8058516;REWE Beste Wahl;REWE Beste Wahl Mohn Fix Backfertige Mohnfüllung 250g;179;250g (1 kg = 7,16 €)
2022-12-18;112226;REWE Beste Wahl;REWE Beste Wahl Mousse au Chocolat 75g;49;75g (1 kg = 6,53 €)
2022-12-18;8412827;REWE Beste Wahl;REWE Beste Wahl Mozzarella 125g;119;125g (1 kg = 9,52 €)
2022-12-18;678931;REWE Beste Wahl;REWE Beste Wahl Mungobohnenkeimlinge 175g;129;175g (1 kg = 7,37 €)
2022-12-18;687486;REWE Beste Wahl;REWE Beste Wahl Möhrchen extra fein 215g;99;215g (1 kg = 4,60 €)
2022-12-18;2773455;REWE Beste Wahl;REWE Beste Wahl Müllbeutel 5l, 85 Stück;115;85 Stück
2022-12-18;8155405;REWE Beste Wahl;REWE Beste Wahl Noir Schokolade 100g;89;100g (1 kg = 8,90 €)
2022-12-18;8314067;REWE Beste Wahl;REWE Beste Wahl Norwegisches Lachsfilet ohne Haut 300g;749;2x150g (1 kg = 24,97 €)
2022-12-18;8215911;REWE Beste Wahl;REWE Beste Wahl Nuss-Frucht Mix 175g;249;175g (1 kg = 14,23 €)
2022-12-18;2097509;REWE Beste Wahl;REWE Beste Wahl Nussecken mit Zartbitterschokolade 175g;229;175g (1 kg = 13,09 €)
2022-12-18;1186905;REWE Beste Wahl;REWE Beste Wahl Oliven geschwärzt ohne Stein 135g;179;135g (1 kg = 13,26 €)
2022-12-18;7924590;REWE Beste Wahl;REWE Beste Wahl Olivenmix in würziger Kräutermarinade 150g;219;150g (1 kg = 14,60 €)
2022-12-18;7288865;REWE Beste Wahl;REWE Beste Wahl Olivenöl raffiniert 500ml;399;500ml (1 l = 7,98 €)
2022-12-18;1389554;REWE Beste Wahl;REWE Beste Wahl Orange-Mango-Ananas 1l;199;1l
2022-12-18;7877254;REWE Beste Wahl;REWE Beste Wahl Orangensaft 1l;199;1l
2022-12-18;8626551;REWE Beste Wahl;REWE Beste Wahl Orangensaft mit Fruchtfleisch 1l;199;1l
2022-12-18;989114;REWE Beste Wahl;REWE Beste Wahl Orangensaft mit Fruchtfleisch 1l;199;1l
2022-12-18;136885;REWE Beste Wahl;REWE Beste Wahl Original Frankfurter Würstchen 250g, 5 Stück;329;250g (1 kg = 13,16 €)
2022-12-18;3064278;REWE Beste Wahl;REWE Beste Wahl Pangasiusfilets Praktisch Grätenfrei 475g;359;475g (1 kg = 7,56 €)
2022-12-18;2666357;REWE Beste Wahl;REWE Beste Wahl Panko Paniermehl 140g;129;140g (1 kg = 9,21 €)
2022-12-18;8005928;REWE Beste Wahl;REWE Beste Wahl Paprika Edelsüß gemahlen 50g;189;50g (1 kg = 37,80 €)
2022-12-18;8560198;REWE Beste Wahl;REWE Beste Wahl Paprika edelsüß gemahlen 39g;189;39g (1 kg = 48,46 €)
2022-12-18;7918809;REWE Beste Wahl;REWE Beste Wahl Paprika scharf gemahlen 39g;189;39g (1 kg = 48,46 €)
2022-12-18;7267358;REWE Beste Wahl;REWE Beste Wahl Pasta Sauce Tomate-Ricotta 380ml;189;380ml (1 l = 4,97 €)
2022-12-18;2361886;REWE Beste Wahl;REWE Beste Wahl Pastasauce Tomate-Sahne 400g;149;400g (1 kg = 3,73 €)
2022-12-18;8292239;REWE Beste Wahl;REWE Beste Wahl Pazifische Schollenfilets 2x125g, 250g;299;250g (1 kg = 11,96 €)
2022-12-18;8502342;REWE Beste Wahl;REWE Beste Wahl Peanut Butter Chunks 500ml;279;500ml (1 l = 5,58 €)
2022-12-18;8196391;REWE Beste Wahl;REWE Beste Wahl Peanut Cookie Eis vegan 500ml;399;500ml (1 l = 7,98 €)
2022-12-18;3015634;REWE Beste Wahl;REWE Beste Wahl Penne Spinat 400g;189;400g (1 kg = 4,73 €)
2022-12-18;117210;REWE Beste Wahl;REWE Beste Wahl Peperoncini mild 210g;179;210g (1 kg = 8,52 €)
2022-12-18;710573;REWE Beste Wahl;REWE Beste Wahl Peperoni 130g;139;130g (1 kg = 10,69 €)
2022-12-18;117199;REWE Beste Wahl;REWE Beste Wahl Peperoni feurig-scharf 165g;119;165g (1 kg = 7,21 €)
2022-12-18;8320569;REWE Beste Wahl;REWE Beste Wahl Pesto Alla Genovese mit Basilikum und Käse 190g;179;190g (1 kg = 9,42 €)
2022-12-18;8008348;REWE Beste Wahl;REWE Beste Wahl Pfeffer bunt ganz 70g;269;70g (1 kg = 38,43 €)
2022-12-18;8012289;REWE Beste Wahl;REWE Beste Wahl Pfeffer schwarz gemahlen 41g;229;41g (1 kg = 55,85 €)
2022-12-18;8012498;REWE Beste Wahl;REWE Beste Wahl Pfeffer weiß gemahlen 45g;189;45g (1 kg = 42 €)
2022-12-18;2028724;REWE Beste Wahl;REWE Beste Wahl Pfefferonen gefüllt mit Frischkäse 150g;219;150g (1 kg = 14,60 €)
2022-12-18;2316542;REWE Beste Wahl;REWE Beste Wahl Pfifferlinge 155g;299;155g (1 kg = 19,29 €)
2022-12-18;7124036;REWE Beste Wahl;REWE Beste Wahl Pfirsiche Halbe Frucht 250g;219;250g (1 kg = 8,76 €)
2022-12-18;133293;REWE Beste Wahl;REWE Beste Wahl Pflaumen 395g;199;395g (1 kg = 5,04 €)
2022-12-18;1072181;REWE Beste Wahl;REWE Beste Wahl Pflaumen-Streuselkuchen 600g;329;600g (1 kg = 5,48 €)
2022-12-18;877333;REWE Beste Wahl;REWE Beste Wahl Pflaumentrunk 0,75l;229;0,75l (1 l = 3,05 €)
2022-12-18;477541;REWE Beste Wahl;REWE Beste Wahl Pilztopf 315g;199;315g (1 kg = 6,32 €)
2022-12-18;3288679;REWE Beste Wahl;REWE Beste Wahl Pink Grapefruit Direktsaft 1l;199;1l
2022-12-18;8435547;REWE Beste Wahl;REWE Beste Wahl Pita Brottasche zum Befüllen 400g, 5 Stück;179;400g (1 kg = 4,48 €)
2022-12-18;8196324;REWE Beste Wahl;REWE Beste Wahl Pizza Classica Ziegenkäse 315g;199;315g (1 kg = 6,32 €)
2022-12-18;7781943;REWE Beste Wahl;REWE Beste Wahl Protein Salat 125g;149;125g (1 kg = 11,92 €)
2022-12-18;7165511;REWE Beste Wahl;REWE Beste Wahl Putengeschnetzeltes mit Nudeln in Champingnonrahmsauce 400g;349;400g (1 kg = 8,73 €)
2022-12-18;1051481;REWE Beste Wahl;REWE Beste Wahl Rahmspinat mild gewürzt 500g;119;500g (1 kg = 2,38 €)
2022-12-18;2241405;REWE Beste Wahl;REWE Beste Wahl Raspelschokolade Vollmilch 100g;109;100g (1 kg = 10,90 €)
2022-12-18;2241414;REWE Beste Wahl;REWE Beste Wahl Raspelschokolade edelherb 100g;109;100g (1 kg = 10,90 €)
2022-12-18;8101441;REWE Beste Wahl;REWE Beste Wahl Recycling Küchentücher 3x160 Blatt;339;NaN
2022-12-18;7178737;REWE Beste Wahl;REWE Beste Wahl Recycling Toilettenpapier 4-lagig 8x160 Blatt;379;NaN
2022-12-18;3029456;REWE Beste Wahl;REWE Beste Wahl Reis-Wildlachs-Pfanne 750g;369;750g (1 kg = 4,92 €)
2022-12-18;8191030;REWE Beste Wahl;REWE Beste Wahl Rhabarbernektar 1l;119;1l
2022-12-18;2455271;REWE Beste Wahl;REWE Beste Wahl Rindergulasch 400g;449;400g (1 kg = 11,23 €)
2022-12-18;1421084;REWE Beste Wahl;REWE Beste Wahl Risotto-Reis 500g;199;500g (1 kg = 3,98 €)
2022-12-18;7194361;REWE Beste Wahl;REWE Beste Wahl Roggenbrötchen 560g - 8 Stück;139;560g (1 kg = 2,48 €)
2022-12-18;8031611;REWE Beste Wahl;REWE Beste Wahl Rohrohr-Zucker unraffiniert 500g;169;500g (1 kg = 3,38 €)
2022-12-18;3207891;REWE Beste Wahl;REWE Beste Wahl Rohrreiniger Gel 1l;149;1l
2022-12-18;1043421;REWE Beste Wahl;REWE Beste Wahl Romana Salatherzen 3 Stück;199;3 Stück
2022-12-18;7858152;REWE Beste Wahl;REWE Beste Wahl Rostbratwürste mit Sauerkraut 400g;329;400g (1 kg = 8,23 €)
2022-12-18;725425;REWE Beste Wahl;REWE Beste Wahl Rote Bete Kugeln 220g;109;220g (1 kg = 4,95 €)
2022-12-18;1473846;REWE Beste Wahl;REWE Beste Wahl Rote Bete Würfel 220g;89;220g (1 kg = 4,05 €)
2022-12-18;1423303;REWE Beste Wahl;REWE Beste Wahl Rote Curry-Paste würzig-scharf 110g;129;110g (1 kg = 11,73 €)
2022-12-18;8674102;REWE Beste Wahl;REWE Beste Wahl Rote Pfefferonen 270g;199;270g (1 kg = 7,37 €)
2022-12-18;8087752;REWE Beste Wahl;REWE Beste Wahl Räucher-Lachs 2x50g;359;2x50g (1 kg = 35,90 €)
2022-12-18;1209186;REWE Beste Wahl;REWE Beste Wahl Röstzwiebeln 150g;99;150g (1 kg = 6,60 €)
2022-12-18;8276801;REWE Beste Wahl;REWE Beste Wahl Rührteig Tortenboden 250g;179;250g (1 kg = 7,16 €)
2022-12-18;8686876;REWE Beste Wahl;REWE Beste Wahl Sahne Toffees 400g;169;400g (1 kg = 4,23 €)
2022-12-18;8109896;REWE Beste Wahl;REWE Beste Wahl Salbei Bonbons zuckerfrei 125g;99;125g (1 kg = 7,92 €)
2022-12-18;117152;REWE Beste Wahl;REWE Beste Wahl Salz-Dillgurken 370g;199;370g (1 kg = 5,38 €)
2022-12-18;7014366;REWE Beste Wahl;REWE Beste Wahl Sanft & Fruchtig Erdbeere 270g;159;270g (1 kg = 5,89 €)
2022-12-18;7014153;REWE Beste Wahl;REWE Beste Wahl Sanft & Fruchtig Waldfrucht 270g;159;270g (1 kg = 5,89 €)
2022-12-18;177494;REWE Beste Wahl;REWE Beste Wahl Sauerkirsch-Nektar 1l;149;1l
2022-12-18;875433;REWE Beste Wahl;REWE Beste Wahl Scharfe Tomate 0,5l;79;0,50l (1 l = 1,58 €)
2022-12-18;133324;REWE Beste Wahl;REWE Beste Wahl Schattenmorellen 370g;269;370g (1 kg = 7,27 €)
2022-12-18;555425;REWE Beste Wahl;REWE Beste Wahl Schlagsahne 200g;109;200g (1 kg = 5,45 €)
2022-12-18;112068;REWE Beste Wahl;REWE Beste Wahl Schlagsahne 500g;279;500g (1 kg = 5,58 €)
2022-12-18;117166;REWE Beste Wahl;REWE Beste Wahl Schlesische Gurkenhappen würzig-süß 290g;159;290g (1 kg = 5,48 €)
2022-12-18;116774;REWE Beste Wahl;REWE Beste Wahl Schnittbohnen 330g;149;330g (1 kg = 4,52 €)
2022-12-18;7778311;REWE Beste Wahl;REWE Beste Wahl Schnitzel vegan 200g;279;200g (1 kg = 13,95 €)
2022-12-18;8015140;REWE Beste Wahl;REWE Beste Wahl Schoko Tröpchen Zartbitter 100g;99;100g (1 kg = 9,90 €)
2022-12-18;8385535;REWE Beste Wahl;REWE Beste Wahl Schoko Tröpfchen Vollmilch 100g;99;100g (1 kg = 9,90 €)
2022-12-18;192964;REWE Beste Wahl;REWE Beste Wahl Schoko Waffelröllchen Vollmilch 125g;119;125g (1 kg = 9,52 €)
2022-12-18;445435;REWE Beste Wahl;REWE Beste Wahl Schoko-Spritzgebäck 250g;119;250g (1 kg = 4,76 €)
2022-12-18;7273139;REWE Beste Wahl;REWE Beste Wahl Schokobrötchen 360g;169;360g (1 kg = 4,69 €)
2022-12-18;126938;REWE Beste Wahl;REWE Beste Wahl Schokokeks Vollmilch 125g;89;125g (1 kg = 7,12 €)
2022-12-18;470737;REWE Beste Wahl;REWE Beste Wahl Schokokeks Zartbitter 125g;89;125g (1 kg = 7,12 €)
2022-12-18;3261314;REWE Beste Wahl;REWE Beste Wahl Schokolade Edel Bitter 72% 100g;89;100g (1 kg = 8,90 €)
2022-12-18;920085;REWE Beste Wahl;REWE Beste Wahl Schwarze Bohnen in Chilisauce 400g;129;400g (1 kg = 3,23 €)
2022-12-18;135299;REWE Beste Wahl;REWE Beste Wahl Schwarzer Johannisbeer-Nektar 1l;149;1l
2022-12-18;2184092;REWE Beste Wahl;REWE Beste Wahl Schwarzkirsch-Konfitüre 340g;169;340g (1 kg = 4,97 €)
2022-12-18;8564269;REWE Beste Wahl;REWE Beste Wahl Schwarzkirschen gezuckert 680g;259;360g (1 kg = 7,19 €)
2022-12-18;117509;REWE Beste Wahl;REWE Beste Wahl Schwarzwurzeln 320g;179;290g (1 kg = 6,17 €)
2022-12-18;2455263;REWE Beste Wahl;REWE Beste Wahl Schweinegulasch 400g;379;400g (1 kg = 9,48 €)
2022-12-18;8630878;REWE Beste Wahl;REWE Beste Wahl Schwerlast Müllsäcke 120l 10 Stück;249;10 Stück
2022-12-18;7874577;REWE Beste Wahl;REWE Beste Wahl Schwerlast Müllsäcke 240l 5 Stück;499;5 Stück
2022-12-18;117297;REWE Beste Wahl;REWE Beste Wahl Silberzwiebeln 190g;89;190g (1 kg = 4,68 €)
2022-12-18;3007887;REWE Beste Wahl;REWE Beste Wahl Slipeinlagen Lang mit Duft 32 Stück;129;32 Stück
2022-12-18;3007929;REWE Beste Wahl;REWE Beste Wahl Slipeinlagen Normal 45 Stück;129;45 Stück
2022-12-18;8428270;REWE Beste Wahl;REWE Beste Wahl Slipeinlagen extra lang mit Duft 26 Stück;129;26 Stück
2022-12-18;8049593;REWE Beste Wahl;REWE Beste Wahl Snacktomaten mit Kräutern 150g;199;150g (1 kg = 13,27 €)
2022-12-18;8353795;REWE Beste Wahl;REWE Beste Wahl Snacktomaten mit Meersalz 150g;199;150g (1 kg = 13,27 €)
2022-12-18;7972467;REWE Beste Wahl;REWE Beste Wahl Soft Coconut Cookies Cocos 210g;139;210g (1 kg = 6,62 €)
2022-12-18;8191124;REWE Beste Wahl;REWE Beste Wahl Soft Cookies White Choc Lemon 210g;139;210g (1 kg = 6,62 €)
2022-12-18;2916073;REWE Beste Wahl;REWE Beste Wahl Soft Muffin Cookies 210g;139;210g (1 kg = 6,62 €)
2022-12-18;8062858;REWE Beste Wahl;REWE Beste Wahl Soja-Joghurtalternative Vanille vegan 500g;159;500g (1 kg = 3,18 €)
2022-12-18;8350350;REWE Beste Wahl;REWE Beste Wahl Soja-Joghurtalternative ohne Zucker vegan 500g;149;500g (1 kg = 2,98 €)
2022-12-18;1447517;REWE Beste Wahl;REWE Beste Wahl Sojasauce 250ml;199;250ml (1 l = 7,96 €)
2022-12-18;7897999;REWE Beste Wahl;REWE Beste Wahl Sonnenblumenöl 750ml;279;750ml (1 l = 3,72 €)
2022-12-18;7252558;REWE Beste Wahl;REWE Beste Wahl Sonnenmais Supersweet 140g;79;140g (1 kg = 5,64 €)
2022-12-18;7254451;REWE Beste Wahl;REWE Beste Wahl Sonnenmais Supersweet 285g;119;285g (1 kg = 4,18 €)
2022-12-18;8282037;REWE Beste Wahl;REWE Beste Wahl Spaghetti 500g;139;500g (1 kg = 2,78 €)
2022-12-18;2632428;REWE Beste Wahl;REWE Beste Wahl Spaghetti 500g;139;500g (1 kg = 2,78 €)
2022-12-18;8351072;REWE Beste Wahl;REWE Beste Wahl Spaghetti Bolognese 400g;269;400g (1 kg = 6,73 €)
2022-12-18;8369370;REWE Beste Wahl;REWE Beste Wahl Spaghetti Carbonara 400g;269;400g (1 kg = 6,73 €)
2022-12-18;137786;REWE Beste Wahl;REWE Beste Wahl Spargelabschnitte mit Köpfen 170g;119;170g (1 kg = 7 €)
2022-12-18;137791;REWE Beste Wahl;REWE Beste Wahl Spargelköpfe 110g;219;110g (1 kg = 19,91 €)
2022-12-18;137788;REWE Beste Wahl;REWE Beste Wahl Spargelstangen kurz 175g;219;170g (1 kg = 12,88 €)
2022-12-18;7090266;REWE Beste Wahl;REWE Beste Wahl Spitz & Bube Eier Bodenhaltung 6 Stück;159;6 Stück
2022-12-18;133405;REWE Beste Wahl;REWE Beste Wahl Stachelbeeren gezuckert 390g;219;390g (1 kg = 5,62 €)
2022-12-18;137794;REWE Beste Wahl;REWE Beste Wahl Stangenspargel 320g;329;320g (1 kg = 10,28 €)
2022-12-18;7902451;REWE Beste Wahl;REWE Beste Wahl Steakhouse Frites vegan 750g;199;750g (1 kg = 2,65 €)
2022-12-18;2285239;REWE Beste Wahl;REWE Beste Wahl Steinofen Panini 480g;219;480g (1 kg = 4,56 €)
2022-12-18;1278734;REWE Beste Wahl;REWE Beste Wahl Stockschwämmchen 170g;239;170g (1 kg = 14,06 €)
2022-12-18;8257071;REWE Beste Wahl;REWE Beste Wahl Streudekor Zauber Mix 120g;199;120g (1 kg = 16,58 €)
2022-12-18;2622112;REWE Beste Wahl;REWE Beste Wahl Südafrikanische Peppers 150g;219;150g (1 kg = 14,60 €)
2022-12-18;7057887;REWE Beste Wahl;REWE Beste Wahl Süsskartoffel Pommes 500g;269;500g (1 kg = 5,38 €)
2022-12-18;2632448;REWE Beste Wahl;REWE Beste Wahl Tagliatelle 500g;189;500g (1 kg = 3,78 €)
2022-12-18;2964773;REWE Beste Wahl;REWE Beste Wahl Tampons Normal 80 Stück;275;80 Stück
2022-12-18;2964777;REWE Beste Wahl;REWE Beste Wahl Tampons Super 56 Stück;275;56 Stück
2022-12-18;2953543;REWE Beste Wahl;REWE Beste Wahl Tampons mini comfort 64 Stück;275;64 Stück
2022-12-18;7172253;REWE Beste Wahl;REWE Beste Wahl Teefilter halterlos 100 Stück;179;100 Stück
2022-12-18;8660868;REWE Beste Wahl;REWE Beste Wahl Tempura Garnelen 200g;349;200g (1 kg = 17,45 €)
2022-12-18;7841480;REWE Beste Wahl;REWE Beste Wahl Thunfisch Filets 2x60g;229;2x56g (1 kg = 40,89 €)
2022-12-18;7853153;REWE Beste Wahl;REWE Beste Wahl Thunfisch Salat Couscous mit Gemüse 160g;199;160g (1 kg = 12,44 €)
2022-12-18;8359596;REWE Beste Wahl;REWE Beste Wahl Thunfisch Steaks 250g, 2 Portionen;499;250g (1 kg = 19,96 €)
2022-12-18;1438234;REWE Beste Wahl;REWE Beste Wahl Thunfisch- Filets in eigenem Saft 185g;229;130g (1 kg = 17,62 €)
2022-12-18;8634693;REWE Beste Wahl;REWE Beste Wahl Thunfischfilets in Olivenöl 80g;229;2x80g (1 kg = 14,31 €)
2022-12-18;8414795;REWE Beste Wahl;REWE Beste Wahl Thymian gerebelt 16g;189;16g (1 kg = 118,13 €)
2022-12-18;8661242;REWE Beste Wahl;REWE Beste Wahl Tiramisu Traditionell 2x100g;159;2x100g (1 kg = 7,95 €)
2022-12-18;1061806;REWE Beste Wahl;REWE Beste Wahl Tomaten Fruchtfleisch in Stücken 500g;99;500g (1 kg = 1,98 €)
2022-12-18;8737758;REWE Beste Wahl;REWE Beste Wahl Tomaten Miss Perfect 200g;299;200g (1 kg = 14,95 €)
2022-12-18;1290607;REWE Beste Wahl;REWE Beste Wahl Tomaten-Cremesuppe 400ml;139;400ml (1 l = 3,48 €)
2022-12-18;7262335;REWE Beste Wahl;REWE Beste Wahl Tomatenketchup 300ml;119;300ml (1 l = 3,97 €)
2022-12-18;117311;REWE Beste Wahl;REWE Beste Wahl Tomatenpaprika 300g;159;300g (1 kg = 5,30 €)
2022-12-18;117330;REWE Beste Wahl;REWE Beste Wahl Tomatenpaprika in Streifen 165g;89;165g (1 kg = 5,39 €)
2022-12-18;135872;REWE Beste Wahl;REWE Beste Wahl Tomatensaft 1l;129;1l
2022-12-18;2424787;REWE Beste Wahl;REWE Beste Wahl Tonic Water 6x1l;474;6x1l (1 l = 0,79 €)
2022-12-18;2027362;REWE Beste Wahl;REWE Beste Wahl Tortellini bunt 250g;139;250g (1 kg = 5,56 €)
2022-12-18;8286643;REWE Beste Wahl;REWE Beste Wahl Tortellini mit herzhafter Käsefüllung 250g;139;250g (1 kg = 5,56 €)
2022-12-18;118020;REWE Beste Wahl;REWE Beste Wahl Tortelloni 4-Käse 500g;319;500g (1 kg = 6,38 €)
2022-12-18;117992;REWE Beste Wahl;REWE Beste Wahl Tortelloni Rindfleisch 500g;319;500g (1 kg = 6,38 €)
2022-12-18;2265232;REWE Beste Wahl;REWE Beste Wahl Tortelloni Spinat-Ricotta 1kg;449;1000g
2022-12-18;118045;REWE Beste Wahl;REWE Beste Wahl Tortelloni Spinat-Ricotta 250g;169;250g (1 kg = 6,76 €)
2022-12-18;561994;REWE Beste Wahl;REWE Beste Wahl Tortelloni Spinat-Ricotta 500g;319;500g (1 kg = 6,38 €)
2022-12-18;137873;REWE Beste Wahl;REWE Beste Wahl Tortenpfirsiche Schnitten 490g;269;500g (1 kg = 5,38 €)
2022-12-18;2632461;REWE Beste Wahl;REWE Beste Wahl Tortiglioni 500g;139;500g (1 kg = 2,78 €)
2022-12-18;1035549;REWE Beste Wahl;REWE Beste Wahl Tortilla-Wraps 432g;149;432g (1 kg = 3,45 €)
2022-12-18;135301;REWE Beste Wahl;REWE Beste Wahl Traubensaft 1l;139;1l
2022-12-18;384433;REWE Beste Wahl;REWE Beste Wahl Tropischer Fruchtcocktail 250g;159;250g (1 kg = 6,36 €)
2022-12-18;3007883;REWE Beste Wahl;REWE Beste Wahl Ultra Binde Lang mit Flügeln 14 Stück;129;14 Stück
2022-12-18;3009590;REWE Beste Wahl;REWE Beste Wahl Ultra Binde Normal mit Flügeln 20 Stück;129;20 Stück
2022-12-18;8649184;REWE Beste Wahl;REWE Beste Wahl Universal Flüssigdünger 500ml;249;500ml (1 l = 4,98 €)
2022-12-18;8645362;REWE Beste Wahl;REWE Beste Wahl Vegane Burger Patties 230g;199;230g (1 kg = 8,65 €)
2022-12-18;7887196;REWE Beste Wahl;REWE Beste Wahl Vegane Fischstäbchen 450g;349;450g (1 kg = 7,76 €)
2022-12-18;7912270;REWE Beste Wahl;REWE Beste Wahl Vegane Fleischwurst 175g;199;175g (1 kg = 11,37 €)
2022-12-18;7886889;REWE Beste Wahl;REWE Beste Wahl Vegane Genuss Scheiben mild 150g;199;150g (1 kg = 13,27 €)
2022-12-18;8649858;REWE Beste Wahl;REWE Beste Wahl Vegane Nuggets 300g;229;300g (1 kg = 7,63 €)
2022-12-18;8760820;REWE Beste Wahl;REWE Beste Wahl Vegane Pizza Tonno 345g;269;345g (1 kg = 7,80 €)
2022-12-18;7888865;REWE Beste Wahl;REWE Beste Wahl Vegane Pralinen ohne Alkohol 162,5g;299;162,50g (1 kg = 18,40 €)
2022-12-18;8651189;REWE Beste Wahl;REWE Beste Wahl Vegane Schnitzel 500g;379;500g (1 kg = 7,58 €)
2022-12-18;7291313;REWE Beste Wahl;REWE Beste Wahl Vegetarische Linsensuppe 400ml;139;400ml (1 l = 3,48 €)
2022-12-18;2023473;REWE Beste Wahl;REWE Beste Wahl Vitalinos 250g;119;250g (1 kg = 4,76 €)
2022-12-18;8254242;REWE Beste Wahl;REWE Beste Wahl Vollkorn Tortillas 432g, 6 Stück;149;432g (1 kg = 3,45 €)
2022-12-18;1097166;REWE Beste Wahl;REWE Beste Wahl Vollkorn-Brot 500g;139;500g (1 kg = 2,78 €)
2022-12-18;754891;REWE Beste Wahl;REWE Beste Wahl Vollmilch-Kuvertüre 200g;119;200g (1 kg = 5,95 €)
2022-12-18;2914659;REWE Beste Wahl;REWE Beste Wahl WC Duftblüten Wasserlilie 2x48g;165;2x48g (1 kg = 17,19 €)
2022-12-18;2299850;REWE Beste Wahl;REWE Beste Wahl WC-Blauspüler 40g;99;40g (1 kg = 24,75 €)
2022-12-18;116788;REWE Beste Wahl;REWE Beste Wahl Wachsbrechbohnen 185g;99;185g (1 kg = 5,35 €)
2022-12-18;185596;REWE Beste Wahl;REWE Beste Wahl Waldheidelbeeren 125g;199;125g (1 kg = 15,92 €)
2022-12-18;708265;REWE Beste Wahl;REWE Beste Wahl Waldmeister-Getränkesirup 0,5l;149;0,50l (1 l = 2,98 €)
2022-12-18;2775275;REWE Beste Wahl;REWE Beste Wahl Wasabi Erdnüsse 150g;129;150g (1 kg = 8,60 €)
2022-12-18;8045202;REWE Beste Wahl;REWE Beste Wahl Weide Vollmilch 3,5% 1l;139;1l
2022-12-18;7077819;REWE Beste Wahl;REWE Beste Wahl Weidebutter Süßrahm 250g;269;250g (1 kg = 10,76 €)
2022-12-18;8044698;REWE Beste Wahl;REWE Beste Wahl Weidemilch 1,5% 1l;129;1l
2022-12-18;734574;REWE Beste Wahl;REWE Beste Wahl Weiße Riesenbohnen 250g;129;250g (1 kg = 5,16 €)
2022-12-18;754925;REWE Beste Wahl;REWE Beste Wahl Weiße Schokoladen-Kuvertüre 200g;119;200g (1 kg = 5,95 €)
2022-12-18;7865230;REWE Beste Wahl;REWE Beste Wahl Weißweinessig 500ml;199;500ml (1 l = 3,98 €)
2022-12-18;1939224;REWE Beste Wahl;REWE Beste Wahl Weltmeisterbrötchen 510g, 6 Stück;249;510g (1 kg = 4,88 €)
2022-12-18;8654038;REWE Beste Wahl;REWE Beste Wahl White Chocolate Cookies 120g;129;120g (1 kg = 10,75 €)
2022-12-18;8352159;REWE Beste Wahl;REWE Beste Wahl White Tiger Garnelen 450g;879;450g (1 kg = 19,53 €)
2022-12-18;7884977;REWE Beste Wahl;REWE Beste Wahl White Tiger Garnelen mediterrane Art 450g;999;450g (1 kg = 22,20 €)
2022-12-18;8050011;REWE Beste Wahl;REWE Beste Wahl White Tiger Garnelen ohne Schale 450g;999;450g (1 kg = 22,20 €)
2022-12-18;138674;REWE Beste Wahl;REWE Beste Wahl Wiener Würstchen 250g, 5 Stück;329;250g (1 kg = 13,16 €)
2022-12-18;185599;REWE Beste Wahl;REWE Beste Wahl Wild-Preiselbeeren 212ml;199;225g (1 kg = 8,84 €)
2022-12-18;7944516;REWE Beste Wahl;REWE Beste Wahl Wildlachsfilets 250g;399;250g (1 kg = 15,96 €)
2022-12-18;137801;REWE Beste Wahl;REWE Beste Wahl Williams-Christ Birnen halbe Frucht 455g;259;455g (1 kg = 5,69 €)
2022-12-18;157178;REWE Beste Wahl;REWE Beste Wahl Wok-Mix 750g;189;750g (1 kg = 2,52 €)
2022-12-18;8736168;REWE Beste Wahl;REWE Beste Wahl Wäscheparfüm Breeze 210g;399;210g (1 kg = 19 €)
2022-12-18;1400294;REWE Beste Wahl;REWE Beste Wahl Zartbitter Schokolade 100g;89;100g (1 kg = 8,90 €)
2022-12-18;754918;REWE Beste Wahl;REWE Beste Wahl Zartbitter-Kuvertüre 200g;119;200g (1 kg = 5,95 €)
2022-12-18;8324624;REWE Beste Wahl;REWE Beste Wahl Zitronenkuchen Backmischung 490g;199;490g (1 kg = 4,06 €)
2022-12-18;877331;REWE Beste Wahl;REWE Beste Wahl Zitronensaft 0,75l;199;0,75l (1 l = 2,65 €)
2022-12-18;114109;REWE Beste Wahl;REWE Beste Wahl Zucker-Sticks 250g;149;250g (1 kg = 5,96 €)
2022-12-18;1293391;REWE Beste Wahl;REWE Beste Wahl Zupfkuchen 500g;329;500g (1 kg = 6,58 €)
2022-12-18;8308124;REWE Beste Wahl;REWE Beste Wahl Zwiebel Baguette 250g;229;250g (1 kg = 9,16 €)
2022-12-18;7191657;REWE Beste Wahl;REWE Beste Wahl Zwiebelringe 100g;79;100g (1 kg = 7,90 €)
2022-12-18;7986860;REWE Beste Wahl;REWE Beste Wahl geröstete Mandeln ohne Salz 150g;299;150g (1 kg = 19,93 €)
2022-12-18;3158369;REWE Beste Wahl;REWE Beste Wahl geröstete Pistazien ohne Schale 100g;349;100g (1 kg = 34,90 €)
2022-12-18;8677209;REWE Beste Wahl;REWE Beste Wahl grüne Pfefferonen in Öl 270g;199;270g (1 kg = 7,37 €)
2022-12-18;7075825;REWE Beste Wahl;REWE Beste Wahl italienisches Pfannengemüse 500g;189;500g (1 kg = 3,78 €)
2022-12-18;7782048;REWE Beste Wahl;REWE Beste Wahl leichte Kochcreme 250ml;99;250ml (1 l = 3,96 €)
2022-12-18;8512725;REWE Beste Wahl;REWE Beste Wahl milde Pinienkerne 100g;549;100g (1 kg = 54,90 €)
2022-12-18;7211940;REWE Beste Wahl;REWE Beste Wahl stückige Tomaten 400g;99;400g (1 kg = 2,48 €)
2022-12-18;7191832;REWE Beste Wahl;REWE Beste Wahl-Express Reis Mediterran 250g;99;250g (1 kg = 3,96 €)
2022-12-18;8338446;REWE Beste Wahl;REWE Bestel Wahl Muskatnuss ganz 12g;189;12g (1 kg = 157,50 €)
2022-12-18;7985572;REWE Beste Wahl;REWE Kaffekuchen Quark 440g;259;440g (1 kg = 5,89 €)
2022-12-18;7933167;REWE Beste Wahl;REWE Mandarinen Orangen im eigenen Saft 300g;159;175g (1 kg = 9,09 €)
2022-12-18;1041191;REWE Beste Wahl;REWE Rispentomaten Aromatico 250g;329;250g (1 kg = 13,16 €)
2022-12-18;7254096;REWE Beste Wahl;REWE beste Wahl Kidney Bohnen 212ml;79;145g (1 kg = 5,45 €)
2022-12-18;8248075;REWE Beste Wahl;Rewe Beste Wahl Fairtrade Orangensaft 1l;179;1l
2022-12-18;8022362;REWE Beste Wahl;Rewe Beste Wahl Feuchtes Toilettenpapier Kamille 50 Stück;129;50 Stück
2022-12-18;8598425;REWE Beste Wahl;Rewe Beste Wahl Grill & Kamin Anzünder Öko 32 Stück;299;32 Stück
2022-12-18;8415305;REWE Beste Wahl;Rewe Beste Wahl Ingwer gemahlen 28g;199;28g (1 kg = 71,07 €)
2022-12-18;8425181;REWE Beste Wahl;Rewe Beste Wahl Italienisches Natives Olivenöl 500ml;419;500ml (1 l = 8,38 €)
2022-12-18;8294079;REWE Beste Wahl;Rewe Beste Wahl Mango 500g;299;500g (1 kg = 5,98 €)
2022-12-18;8424727;REWE Beste Wahl;Rewe Beste Wahl Oregano gerebelt 20g;199;20g (1 kg = 99,50 €)
2022-12-18;7166365;REWE Beste Wahl;Rewe Beste Wahl Rinder-Gulasch mit Spätzle in pikanter Sauce 400g;379;400g (1 kg = 9,48 €)
2022-12-18;7014151;REWE Beste Wahl;Rewe Beste Wahl Sanft & Fruchtig Aprikose 270g;159;270g (1 kg = 5,89 €)
2022-12-18;7014092;REWE Beste Wahl;Rewe Beste Wahl Sanft & Fruchtig Himbeere 60% 270g;159;270g (1 kg = 5,89 €)
2022-12-18;7949136;REWE Beste Wahl;Rewe Beste Wahl Vegane Lyoner 80g;109;80g (1 kg = 13,63 €)
2022-12-18;8516144;REWE Beste Wahl;Rewe Beste Wahl Vegane Salami 80g;109;80g (1 kg = 13,63 €)
2022-12-18;8517041;REWE Beste Wahl;Rewe Beste Wahl Veganer Paprika-Lyoner Aufschnitt 80g;109;80g (1 kg = 13,63 €)
2022-12-18;1045891;REWE Beste Wahl;Schnittlauch im Topf;159;NaN
2022-12-18;1033906;REWE;Cherry Romatomaten 250g;79;250g (1 kg = 3,16 €)
2022-12-18;1045889;REWE;Krause Petersilie im Topf;159;1 Stück
2022-12-18;8114415;REWE;REWE Bio Zuckermais vakuumiert 400g;199;400g (1 kg = 4,98 €)
2022-12-18;7871419;REWE;REWE Brotzeit-Eier aus Bodenhaltung 6 Stück;179;6 Stück
2022-12-18;1930502;REWE Bio;Bio Banane ca. 200g;38;1 Stück ca. 200 g (1 kg = 1,89 €)
2022-12-18;8729533;REWE Bio;REWE BIo Naturland Orangen Erfrischungsgetränk 0,75l;119;0,75l (1 l = 1,59 €)
2022-12-18;585224;REWE Bio;REWE Bio + vegan Barista Hafer-Soja Drink 1l;149;1l
2022-12-18;7867885;REWE Bio;REWE Bio + vegan Dinkel Drink Natur 1l;149;1l
2022-12-18;7250357;REWE Bio;REWE Bio + vegan Falafel Trockenmischung 175g;129;175g (1 kg = 7,37 €)
2022-12-18;8324188;REWE Bio;REWE Bio + vegan Falafelbällchen 200g;279;200g (1 kg = 13,95 €)
2022-12-18;7968792;REWE Bio;REWE Bio + vegan Gemüse-Hafer-Bällchen 220g;279;220g (1 kg = 12,68 €)
2022-12-18;8699735;REWE Bio;REWE Bio + vegan Gemüseravioli 400g;229;400g (1 kg = 5,73 €)
2022-12-18;2587736;REWE Bio;REWE Bio + vegan Hafer Drink Natur 1l;119;1l
2022-12-18;8655182;REWE Bio;REWE Bio + vegan Hafer Drink glutenfrei 1l;149;1l
2022-12-18;8644883;REWE Bio;REWE Bio + vegan Hafer Drink ohne Zucker 1l;129;1l
2022-12-18;8710249;REWE Bio;REWE Bio + vegan Haferdrink Pulver glutenfrei 300g;499;300g (1 kg = 16,63 €)
2022-12-18;8774648;REWE Bio;REWE Bio + vegan Hummus Natur 200g;129;200g (1 kg = 6,45 €)
2022-12-18;7963454;REWE Bio;REWE Bio + vegan Kokos Natur 400g;169;400g (1 kg = 4,23 €)
2022-12-18;8090294;REWE Bio;REWE Bio + vegan Mandel Drink Natur 1l;179;1l
2022-12-18;8578130;REWE Bio;REWE Bio + vegan Mozzarisella Mozzarella-Ersatz 150g;279;150g (1 kg = 18,60 €)
2022-12-18;2587749;REWE Bio;REWE Bio + vegan Reis Drink Natur 1l;149;1l
2022-12-18;7981357;REWE Bio;REWE Bio + vegan Remoulade 250g;169;250ml (1 l = 6,76 €)
2022-12-18;8583362;REWE Bio;REWE Bio + vegan Räucher-Tofu 2x175g;219;2x175g (1 kg = 6,26 €)
2022-12-18;8648238;REWE Bio;REWE Bio + vegan Rührei-Ersatz 47g;199;47g (1 kg = 42,34 €)
2022-12-18;2717529;REWE Bio;REWE Bio + vegan Salat-Mayo 250ml;169;250ml (1 l = 6,76 €)
2022-12-18;7868590;REWE Bio;REWE Bio + vegan Schokolade Ganze Haselnuss 100g;179;100g (1 kg = 17,90 €)
2022-12-18;8595387;REWE Bio;REWE Bio + vegan Schokolade Nougat & Crisp 100g;179;100g (1 kg = 17,90 €)
2022-12-18;585223;REWE Bio;REWE Bio + vegan Soja Drink 1l;119;1l
2022-12-18;7147843;REWE Bio;REWE Bio + vegan Soja Natur 500g;149;500g (1 kg = 2,98 €)
2022-12-18;8041184;REWE Bio;REWE Bio + vegan Sojacreme Cuisine 200ml;99;200ml (1 l = 4,95 €)
2022-12-18;8215577;REWE Bio;REWE Bio + vegan Streichcreme Paprika, Kichererbse & Chili 180g;149;180g (1 kg = 8,28 €)
2022-12-18;2745086;REWE Bio;REWE Bio + vegan Streichcreme Paprika, Tomate, Zucchini & Aubergine 180g;149;180g (1 kg = 8,28 €)
2022-12-18;8448295;REWE Bio;REWE Bio + vegan Streichreme Grünkohl & Räuchertofu 180g;149;180g (1 kg = 8,28 €)
2022-12-18;8144700;REWE Bio;REWE Bio + vegan Tahini Hummus 150g;199;150g (1 kg = 13,27 €)
2022-12-18;7905813;REWE Bio;REWE Bio + vegan Tofu Natur 2x200g;219;2x200g (1 kg = 5,48 €)
2022-12-18;184647;REWE Bio;REWE Bio 6-Kräuter 50g;89;50g (1 kg = 17,80 €)
2022-12-18;201396;REWE Bio;REWE Bio Aceto Balsamico 500ml;249;500ml (1 l = 4,98 €)
2022-12-18;940075;REWE Bio;REWE Bio Agavendicksaft 250ml;179;250ml (1 l = 7,16 €)
2022-12-18;360671;REWE Bio;REWE Bio Ahornsirup 250ml;549;250ml (1 l = 21,96 €)
2022-12-18;7290602;REWE Bio;REWE Bio Alpenkräuter Eistee 0,75l;119;0,75l (1 l = 1,59 €)
2022-12-18;8639622;REWE Bio;REWE Bio Ananassaft 1l;249;1l
2022-12-18;7999359;REWE Bio;REWE Bio Apfel Banane 90g;59;90g (1 kg = 6,56 €)
2022-12-18;8441023;REWE Bio;REWE Bio Apfel Birne Erdbeere 90g;59;90g (1 kg = 6,56 €)
2022-12-18;136053;REWE Bio;REWE Bio Apfel rot ca. 200g;70;1 Stück ca. 200 g (1 kg = 3,49 €)
2022-12-18;7956825;REWE Bio;REWE Bio Apfel-Aprikosenmark 360g;119;360g (1 kg = 3,31 €)
2022-12-18;208864;REWE Bio;REWE Bio Apfel-Bananenmark 360g;119;360g (1 kg = 3,31 €)
2022-12-18;7956127;REWE Bio;REWE Bio Apfel-Brombeer-Himbeermark 360g;119;360g (1 kg = 3,31 €)
2022-12-18;8015081;REWE Bio;REWE Bio Apfel-Mango Saft 1l;229;1l
2022-12-18;208863;REWE Bio;REWE Bio Apfel-Mangomark 360g;119;360g (1 kg = 3,31 €)
2022-12-18;7958526;REWE Bio;REWE Bio Apfel-Quitte-Birne Bananenmark 360g;119;360g (1 kg = 3,31 €)
2022-12-18;8467434;REWE Bio;REWE Bio Apfelchips 70g;249;70g (1 kg = 35,57 €)
2022-12-18;8107568;REWE Bio;REWE Bio Apfelessig 5% Säure naturtrüb 0,75l;149;750l (1 l = 1,99 €)
2022-12-18;7955323;REWE Bio;REWE Bio Apfelmark 360g;115;360g (1 kg = 3,19 €)
2022-12-18;208859;REWE Bio;REWE Bio Apfelmark 700g;149;700g (1 kg = 2,13 €)
2022-12-18;2186674;REWE Bio;REWE Bio Apfelrotkohl tafelfertig 385g;129;385g (1 kg = 3,35 €)
2022-12-18;254615;REWE Bio;REWE Bio Apfelsaft naturtrüb 1l;169;1l
2022-12-18;7292476;REWE Bio;REWE Bio Apfelschorle naturtrüb 0,75l;119;0,75l (1 l = 1,59 €)
2022-12-18;940052;REWE Bio;REWE Bio Aprikose Fruchtaufstrich 250g;199;250g (1 kg = 7,96 €)
2022-12-18;2745102;REWE Bio;REWE Bio Aufstrich Mango-Papaya-Curry 180g;149;180g (1 kg = 8,28 €)
2022-12-18;8231031;REWE Bio;REWE Bio Baby Mais Hirse Flips 30g;79;30g (1 kg = 26,33 €)
2022-12-18;7823085;REWE Bio;REWE Bio Backpulver vegan 16g;79;4x16g (1 kg = 12,34 €)
2022-12-18;3140940;REWE Bio;REWE Bio Bacon 70g;179;70g (1 kg = 25,57 €)
2022-12-18;8254461;REWE Bio;REWE Bio Bacon-Würfel Schwein 80g;199;80g (1 kg = 24,88 €)
2022-12-18;3018245;REWE Bio;REWE Bio Bananenchips gesüßt 300g;199;300g (1 kg = 6,63 €)
2022-12-18;1045916;REWE Bio;REWE Bio Basilikum im Topf;179;NaN
2022-12-18;276692;REWE Bio;REWE Bio Basmatireis 500g;199;500g (1 kg = 3,98 €)
2022-12-18;8277708;REWE Bio;REWE Bio Beeren Crunchy 500g;289;500g (1 kg = 5,78 €)
2022-12-18;8341949;REWE Bio;REWE Bio Beerenmix 300g;319;300g (1 kg = 10,63 €)
2022-12-18;974656;REWE Bio;REWE Bio Beerenmüsli 500g;299;500g (1 kg = 5,98 €)
2022-12-18;505322;REWE Bio;REWE Bio Bergkäse 150g;229;150g (1 kg = 15,27 €)
2022-12-18;1912670;REWE Bio;REWE Bio Bergkäse kräftig 150g;259;150g (1 kg = 17,27 €)
2022-12-18;7168777;REWE Bio;REWE Bio Berglinsen 500g;199;500g (1 kg = 3,98 €)
2022-12-18;204047;REWE Bio;REWE Bio Bierschinken 70g;169;70g (1 kg = 24,14 €)
2022-12-18;8288250;REWE Bio;REWE Bio Bircher-Müsli 500g;299;500g (1 kg = 5,98 €)
2022-12-18;2467008;REWE Bio;REWE Bio Blattsalat Mix 125g;179;125g (1 kg = 14,32 €)
2022-12-18;7294456;REWE Bio;REWE Bio Blattspinat 100g;179;100g (1 kg = 17,90 €)
2022-12-18;871215;REWE Bio;REWE Bio Blattspinat 600g;199;600g (1 kg = 3,32 €)
2022-12-18;7226966;REWE Bio;REWE Bio Blütenhonig 350g;369;350g (1 kg = 10,54 €)
2022-12-18;8046482;REWE Bio;REWE Bio Bourbon Vanille Zucker 8g;349;4x8g (1 kg = 109,06 €)
2022-12-18;1287110;REWE Bio;REWE Bio Bratwurst grob 300g;599;300g (1 kg = 19,97 €)
2022-12-18;8615186;REWE Bio;REWE Bio Braune Linsen 360g;129;260g (1 kg = 4,96 €)
2022-12-18;8611706;REWE Bio;REWE Bio Brechbohnen 185g;109;185g (1 kg = 5,89 €)
2022-12-18;742294;REWE Bio;REWE Bio Brechbohnen 450g;149;450g (1 kg = 3,31 €)
2022-12-18;273709;REWE Bio;REWE Bio Broccoli 300g;159;300g (1 kg = 5,30 €)
2022-12-18;1136740;REWE Bio;REWE Bio Buttergemüse 300g;139;300g (1 kg = 4,63 €)
2022-12-18;7103535;REWE Bio;REWE Bio Butterkäse mild 150g;239;150g (1 kg = 15,93 €)
2022-12-18;1323529;REWE Bio;REWE Bio Caffe Latte 250ml;79;250ml (1 l = 3,16 €)
2022-12-18;2557918;REWE Bio;REWE Bio Caffè Crema ganze Bohne 1kg;1299;1000g
2022-12-18;901435;REWE Bio;REWE Bio Caffé Crema 219g, 30 Pads;389;219g (1 kg = 17,76 €)
2022-12-18;578901;REWE Bio;REWE Bio Camembert 150g;229;150g (1 kg = 15,27 €)
2022-12-18;8338209;REWE Bio;REWE Bio Cappelletti Kürbis 250g;219;250g (1 kg = 8,76 €)
2022-12-18;278145;REWE Bio;REWE Bio Cappelletti Spinat-Ricotta 250g;219;250g (1 kg = 8,76 €)
2022-12-18;3212382;REWE Bio;REWE Bio Cashew Cranberry Mix 250g;399;250g (1 kg = 15,96 €)
2022-12-18;39464;REWE Bio;REWE Bio Cashewkerne 250g;399;250g (1 kg = 15,96 €)
2022-12-18;1947712;REWE Bio;REWE Bio Cassis Sirup 0,5l;299;0,50l (1 l = 5,98 €)
2022-12-18;8312738;REWE Bio;REWE Bio Champignons braun 250g;249;250g (1 kg = 9,96 €)
2022-12-18;8613784;REWE Bio;REWE Bio Champignons in Scheiben 170g;179;170g (1 kg = 10,53 €)
2022-12-18;2885813;REWE Bio;REWE Bio Cherry Rispentomaten 250g;199;250g (1 kg = 7,96 €)
2022-12-18;8084861;REWE Bio;REWE Bio Condimento Bianco 500ml;249;500ml (1 l = 4,98 €)
2022-12-18;1202493;REWE Bio;REWE Bio Cornichons 190g;199;190g (1 kg = 10,47 €)
2022-12-18;946608;REWE Bio;REWE Bio Creamy Erdnussbutter 250g;199;250g (1 kg = 7,96 €)
2022-12-18;8098823;REWE Bio;REWE Bio Crema mit Aceto Balsamico 250ml;299;250ml (1 l = 11,96 €)
2022-12-18;577458;REWE Bio;REWE Bio Currypulver 50g;269;50g (1 kg = 53,80 €)
2022-12-18;1438494;REWE Bio;REWE Bio Dill 50g;89;50g (1 kg = 17,80 €)
2022-12-18;8060098;REWE Bio;REWE Bio Dinkel Doppelkeks 330g;199;330g (1 kg = 6,03 €)
2022-12-18;7249413;REWE Bio;REWE Bio Dinkel Frischeiwaffel 165g;139;165g (1 kg = 8,42 €)
2022-12-18;300377;REWE Bio;REWE Bio Dinkel-Butterkekse 150g;149;150g (1 kg = 9,93 €)
2022-12-18;8335725;REWE Bio;REWE Bio Dinkel-Eier-Spätzle 250g;219;250g (1 kg = 8,76 €)
2022-12-18;2846041;REWE Bio;REWE Bio Dinkel-Flakes 300g;239;300g (1 kg = 7,97 €)
2022-12-18;7888159;REWE Bio;REWE Bio Dinkelbrot 400g;269;400g (1 kg = 6,73 €)
2022-12-18;8363050;REWE Bio;REWE Bio Edamame Junge Sojabohnen 300g;329;300g (1 kg = 10,97 €)
2022-12-18;8007642;REWE Bio;REWE Bio Edel-Bitter Schokolade 100g;129;100g (1 kg = 12,90 €)
2022-12-18;3009709;REWE Bio;REWE Bio Edel-Bitter-Schokolade 85% 100g;129;100g (1 kg = 12,90 €)
2022-12-18;1006863;REWE Bio;REWE Bio Edelbitter-Schokolade 60% Cacao 100g;129;100g (1 kg = 12,90 €)
2022-12-18;1006852;REWE Bio;REWE Bio Edelvollmilch-Schokolade 100g;129;100g (1 kg = 12,90 €)
2022-12-18;7078288;REWE Bio;REWE Bio Eier Spitz und Bube 6 Stück;249;6 Stück
2022-12-18;7063885;REWE Bio;REWE Bio Eisbergsalat 1 Stück;249;1 Stück
2022-12-18;7788256;REWE Bio;REWE Bio Eiweißbrot mit Erbsen 250g;289;250g (1 kg = 11,56 €)
2022-12-18;200348;REWE Bio;REWE Bio Emmentaler 150g;229;150g (1 kg = 15,27 €)
2022-12-18;1912630;REWE Bio;REWE Bio Emmentaler 150g;259;150g (1 kg = 17,27 €)
2022-12-18;7887089;REWE Bio;REWE Bio Erbsen & Möhren 340g;139;220g (1 kg = 6,32 €)
2022-12-18;7891436;REWE Bio;REWE Bio Erbsen 350g;139;230g (1 kg = 6,04 €)
2022-12-18;8381730;REWE Bio;REWE Bio Erbseneintopf 400g;199;400g (1 kg = 4,98 €)
2022-12-18;2903350;REWE Bio;REWE Bio Erdnüsse 250g;199;250g (1 kg = 7,96 €)
2022-12-18;8255376;REWE Bio;REWE Bio Fenchel-Anis-Kümmel Tee 40g;149;40g (1 kg = 37,25 €)
2022-12-18;8623363;REWE Bio;REWE Bio Feta 150g;199;150g (1 kg = 13,27 €)
2022-12-18;197877;REWE Bio;REWE Bio Fettarme H-Milch 1,5% 1l;135;1l
2022-12-18;8061857;REWE Bio;REWE Bio Finn Toasties 260g;109;260g (1 kg = 4,19 €)
2022-12-18;204045;REWE Bio;REWE Bio Fleischkäse 70g;119;70g (1 kg = 17 €)
2022-12-18;187778;REWE Bio;REWE Bio Forellenfilets geräuchert 125g;439;125g (1 kg = 35,12 €)
2022-12-18;7755720;REWE Bio;REWE Bio Frischcreme Kräuter vegan 150g;169;150g (1 kg = 11,27 €)
2022-12-18;8754323;REWE Bio;REWE Bio Frischcreme Paprika vegan 150g;169;150g (1 kg = 11,27 €)
2022-12-18;3064105;REWE Bio;REWE Bio Frische Backhefe 42g;59;42g (1 kg = 14,05 €)
2022-12-18;1912315;REWE Bio;REWE Bio Frische Buttermilch 500g;89;500g (1 kg = 1,78 €)
2022-12-18;197862;REWE Bio;REWE Bio Frische Weidemilch 1,5% 1l;135;1l
2022-12-18;197872;REWE Bio;REWE Bio Frische Weidemilch 3,8% 1l;145;1l
2022-12-18;200397;REWE Bio;REWE Bio Frischkäse Doppelrahmstufe 175g;129;175g (1 kg = 7,37 €)
2022-12-18;8674448;REWE Bio;REWE Bio Frischkäse mit Kräutern 175g;129;175g (1 kg = 7,37 €)
2022-12-18;940043;REWE Bio;REWE Bio Fruchtaufstrich Erdbeere 250g;199;250g (1 kg = 7,96 €)
2022-12-18;940049;REWE Bio;REWE Bio Fruchtaufstrich Sauerkirsche 250g;199;250g (1 kg = 7,96 €)
2022-12-18;2893817;REWE Bio;REWE Bio Fusilli Grüne Erbsen 250g;199;250g (1 kg = 7,96 €)
2022-12-18;7050770;REWE Bio;REWE Bio Fusilli Vollkorn Dinkel 500g;169;500g (1 kg = 3,38 €)
2022-12-18;8659989;REWE Bio;REWE Bio Garnelen mediterrane Art 250g;699;250g (1 kg = 27,96 €)
2022-12-18;7831009;REWE Bio;REWE Bio Garnelen mit Kräutern 90g;379;90g (1 kg = 42,11 €)
2022-12-18;2439530;REWE Bio;REWE Bio Gartenkresse 1 Stück;55;1 Stück
2022-12-18;7829813;REWE Bio;REWE Bio Geflügel Wiener 200g;399;200g (1 kg = 19,95 €)
2022-12-18;1267821;REWE Bio;REWE Bio Geflügel-Nuggets 200g;499;200g (1 kg = 24,95 €)
2022-12-18;7183743;REWE Bio;REWE Bio Geflügelbratwurst 160g;349;160g (1 kg = 21,81 €)
2022-12-18;1267875;REWE Bio;REWE Bio Geflügelhackbällchen 300g;499;300g (1 kg = 16,63 €)
2022-12-18;1396702;REWE Bio;REWE Bio Geflügelsalami mit Palmfett 70g;179;70g (1 kg = 25,57 €)
2022-12-18;8360458;REWE Bio;REWE Bio Gemüsebrühe 140g;99;140g (1 kg = 7,07 €)
2022-12-18;8589069;REWE Bio;REWE Bio Gemüsefond 400ml;199;400ml (1 l = 4,98 €)
2022-12-18;8607334;REWE Bio;REWE Bio Gemüsemais 340g;149;230g (1 kg = 6,48 €)
2022-12-18;7321580;REWE Bio;REWE Bio Gemüsepfanne mediterrane Art 450g;199;450g (1 kg = 4,42 €)
2022-12-18;304588;REWE Bio;REWE Bio Gemüsesaft 1l;179;1l
2022-12-18;351098;REWE Bio;REWE Bio Gewürzgurken 360g;239;360g (1 kg = 6,64 €)
2022-12-18;1027200;REWE Bio;REWE Bio Gnocchi 300g;219;300g (1 kg = 7,30 €)
2022-12-18;201116;REWE Bio;REWE Bio Gold-Hirse 500g;139;500g (1 kg = 2,78 €)
2022-12-18;200347;REWE Bio;REWE Bio Gouda 150g;189;150g (1 kg = 12,60 €)
2022-12-18;7743850;REWE Bio;REWE Bio Gouda Mittelalt pikant 150g;259;150g (1 kg = 17,27 €)
2022-12-18;7814263;REWE Bio;REWE Bio Gouda gerieben 150g;179;150g (1 kg = 11,93 €)
2022-12-18;8295555;REWE Bio;REWE Bio Grüne Oliven 180g;229;180g (1 kg = 6,54 €)
2022-12-18;8418126;REWE Bio;REWE Bio Grüne Oliven entsteint 125g;199;125g (1 kg = 15,92 €)
2022-12-18;1287116;REWE Bio;REWE Bio Gulasch aus dem Schinken 500g;1445;1 Stück ca. 500 g (1 kg = 28,90 €)
2022-12-18;7359497;REWE Bio;REWE Bio Gurke 1 Stück;149;1 Stück
2022-12-18;197889;REWE Bio;REWE Bio H-Vollmilch 3,8% 1l;145;1l
2022-12-18;1287065;REWE Bio;REWE Bio Hackfleisch gemischt zum Braten 400g;749;400g (1 kg = 18,73 €)
2022-12-18;8514209;REWE Bio;REWE Bio Hafer-Crunchy 500g;259;500g (1 kg = 5,18 €)
2022-12-18;7956836;REWE Bio;REWE Bio Hafer-Schoko Riegel 3x35g;179;3x35g (1 kg = 17,05 €)
2022-12-18;7205443;REWE Bio;REWE Bio Hafercookie 300g;199;300g (1 kg = 6,63 €)
2022-12-18;7206215;REWE Bio;REWE Bio Hafercookie Vollmilch 300g;239;300g (1 kg = 7,97 €)
2022-12-18;1267687;REWE Bio;REWE Bio Halbes Hähnchen 850g;1352;1 Stück ca. 850 g (1 kg = 15,90 €)
2022-12-18;7295583;REWE Bio;REWE Bio Hamburger vom Rind 250g;529;250g (1 kg = 21,16 €)
2022-12-18;2029541;REWE Bio;REWE Bio Heidelbeeren 300g;319;300g (1 kg = 10,63 €)
2022-12-18;741455;REWE Bio;REWE Bio Himbeeren tiefgefroren 300g;319;300g (1 kg = 10,63 €)
2022-12-18;7827840;REWE Bio;REWE Bio Hirtenkäse 45% 200g;199;200g (1 kg = 9,95 €)
2022-12-18;1429367;REWE Bio;REWE Bio Hokkaido Kürbis ca. 1kg;279;1 Stück ca. 1000 g (1 kg = 2,79 €)
2022-12-18;2188055;REWE Bio;REWE Bio Hokkaido-Kürbis 450g;189;450g (1 kg = 4,20 €)
2022-12-18;1947997;REWE Bio;REWE Bio Holunderblütensirup 0,5l;299;0,50l (1 l = 5,98 €)
2022-12-18;7866921;REWE Bio;REWE Bio Holzofenpizza Spinat-Feta 410g;299;410g (1 kg = 7,29 €)
2022-12-18;8643029;REWE Bio;REWE Bio Holzofenpizza Vegetariana 410g;299;410g (1 kg = 7,29 €)
2022-12-18;7272521;REWE Bio;REWE Bio Honig-Dinkel gepufft 200g;179;200g (1 kg = 8,95 €)
2022-12-18;7741450;REWE Bio;REWE Bio Hummus pikant vegan 200g;129;200g (1 kg = 6,45 €)
2022-12-18;7033383;REWE Bio;REWE Bio Hähnchen Brustfilet Joghurt Knoblauch 320g;1117;1 Stück ca. 320 g (1 kg = 34,90 €)
2022-12-18;7034166;REWE Bio;REWE Bio Hähnchen Brustfilet Joghurt Paprika 320g;1117;1 Stück ca. 320 g (1 kg = 34,90 €)
2022-12-18;1267674;REWE Bio;REWE Bio Hähnchen ca. 1,3kg;1937;1 Stück ca. 1300 g (1 kg = 14,90 €)
2022-12-18;8397625;REWE Bio;REWE Bio Hähnchen-Lyoner70g;139;70g (1 kg = 19,86 €)
2022-12-18;1267719;REWE Bio;REWE Bio Hähnchenbrustfilet 320g;1117;1 Stück ca. 320 g (1 kg = 34,90 €)
2022-12-18;7848294;REWE Bio;REWE Bio Hähnchenbrustfilet 70g;269;70g (1 kg = 38,43 €)
2022-12-18;1267989;REWE Bio;REWE Bio Hähnchenflügel 480g;571;1 Stück ca. 480 g (1 kg = 11,90 €)
2022-12-18;1268116;REWE Bio;REWE Bio Hähnchengeschnetzeltes gewürzt 300g;567;1 Stück ca. 300 g (1 kg = 18,90 €)
2022-12-18;1267731;REWE Bio;REWE Bio Hähnchenschenkel;894;1 Stück ca. 600 g (1 kg = 14,90 €)
2022-12-18;1267753;REWE Bio;REWE Bio Hähnchenschenkel gewürzt ca. 590g;879;1 Stück ca. 590 g (1 kg = 14,90 €)
2022-12-18;7967770;REWE Bio;REWE Bio Ingwer Shot 250ml;349;250ml (1 l = 13,96 €)
2022-12-18;2849977;REWE Bio;REWE Bio Instant-Kaffee 100g;499;100g (1 kg = 49,90 €)
2022-12-18;1994616;REWE Bio;REWE Bio Jagdwurst 70g;149;70g (1 kg = 21,29 €)
2022-12-18;8714247;REWE Bio;REWE Bio Jasminreis weiß 500g;249;500g (1 kg = 4,98 €)
2022-12-18;7173674;REWE Bio;REWE Bio Joghurt Mango 3,8% 150g;55;150g (1 kg = 3,67 €)
2022-12-18;8563309;REWE Bio;REWE Bio Joghurt Mango Vanille 500g;179;500g (1 kg = 3,58 €)
2022-12-18;7210751;REWE Bio;REWE Bio Joghurt Mild 0,1% 500g;95;500g (1 kg = 1,90 €)
2022-12-18;7208641;REWE Bio;REWE Bio Joghurt Mild 1,8% 150g;39;150g (1 kg = 2,60 €)
2022-12-18;8078338;REWE Bio;REWE Bio Joghurt Mild 1,8% 500g;135;500g (1 kg = 2,70 €)
2022-12-18;784813;REWE Bio;REWE Bio Joghurt Pflaume 150g;55;150g (1 kg = 3,67 €)
2022-12-18;194192;REWE Bio;REWE Bio Joghurt mild 150g;45;150g (1 kg = 3 €)
2022-12-18;8304439;REWE Bio;REWE Bio Joghurt mild 3,8% 500g;139;500g (1 kg = 2,78 €)
2022-12-18;1144899;REWE Bio;REWE Bio Joghurt mild 500g;119;500g (1 kg = 2,38 €)
2022-12-18;784614;REWE Bio;REWE Bio Joghurt mild Aprikose-Pfirsich 150g;55;150g (1 kg = 3,67 €)
2022-12-18;784612;REWE Bio;REWE Bio Joghurt mild Erdbeer-Himbeer 150g;55;150g (1 kg = 3,67 €)
2022-12-18;784809;REWE Bio;REWE Bio Joghurt mild Heidelbeere 150g;55;150g (1 kg = 3,67 €)
2022-12-18;784792;REWE Bio;REWE Bio Joghurt mild Stracciatella 150g;55;150g (1 kg = 3,67 €)
2022-12-18;784616;REWE Bio;REWE Bio Joghurt mild Vanille 150g;55;150g (1 kg = 3,67 €)
2022-12-18;194194;REWE Bio;REWE Bio Joghurt mild fettarm 500g;119;500g (1 kg = 2,38 €)
2022-12-18;8055541;REWE Bio;REWE Bio Joghurt mild mit Heidelbeere-Cassis 500g;179;500g (1 kg = 3,58 €)
2022-12-18;8337727;REWE Bio;REWE Bio Joghurt mild mit Stracciatella 500g;189;500g (1 kg = 3,78 €)
2022-12-18;2277758;REWE Bio;REWE Bio Junge Erbsen 450g;149;450g (1 kg = 3,31 €)
2022-12-18;1255627;REWE Bio;REWE Bio Kaffeesahne 165g;89;165g (1 kg = 5,39 €)
2022-12-18;7283403;REWE Bio;REWE Bio Kaisergemüse 450g;149;450g (1 kg = 3,31 €)
2022-12-18;8296586;REWE Bio;REWE Bio Kalamata Oliven ohne Stein 180g;299;180g (1 kg = 16,61 €)
2022-12-18;8109025;REWE Bio;REWE Bio Kamillen Tee 30g;149;30g (1 kg = 49,67 €)
2022-12-18;7186203;REWE Bio;REWE Bio Karottensaft 0,5l;89;0,50l (1 l = 1,78 €)
2022-12-18;8393848;REWE Bio;REWE Bio Kartoffelpuffer 600g, 10 Stück;229;600g (1 kg = 3,82 €)
2022-12-18;8016418;REWE Bio;REWE Bio Kasseler 70g;249;70g (1 kg = 35,57 €)
2022-12-18;2024973;REWE Bio;REWE Bio Kasseler Minutenbauch 240g;550;1 Stück ca. 240 g (1 kg = 22,90 €)
2022-12-18;2024967;REWE Bio;REWE Bio Kasseler aus dem Schweinerücken 200g;598;1 Stück ca. 200 g (1 kg = 29,90 €)
2022-12-18;7055914;REWE Bio;REWE Bio Kichererbsen 220g;119;215g (1 kg = 5,53 €)
2022-12-18;3235642;REWE Bio;REWE Bio Kichererbsen-Kokos-Eintopf 400ml;229;400ml (1 l = 5,73 €)
2022-12-18;7986754;REWE Bio;REWE Bio Kidneybohnen 360g;119;240g (1 kg = 4,96 €)
2022-12-18;7037215;REWE Bio;REWE Bio Kiwi Gold 4 Stück;279;4 Stück
2022-12-18;8327523;REWE Bio;REWE Bio Knabbersnack Mais Dinos 60g;79;60g (1 kg = 13,17 €)
2022-12-18;8376955;REWE Bio;REWE Bio Knollensellerie ca. 1kg;279;1 Stück ca. 1000 g (1 kg = 2,79 €)
2022-12-18;206073;REWE Bio;REWE Bio Kochschinken 80g;279;80g (1 kg = 34,88 €)
2022-12-18;8778407;REWE Bio;REWE Bio Kokos Reis Drink vegan 1l;135;1l
2022-12-18;3274843;REWE Bio;REWE Bio Kokosmilch 400ml;189;400ml (1 l = 4,73 €)
2022-12-18;8321941;REWE Bio;REWE Bio Kokosöl nativ 300ml;299;300ml (1 l = 9,97 €)
2022-12-18;8255537;REWE Bio;REWE Bio Koriander-Kraut 15g;229;15g (1 kg = 152,67 €)
2022-12-18;1906432;REWE Bio;REWE Bio Körniger Frischkäse 200g;119;200g (1 kg = 5,95 €)
2022-12-18;198343;REWE Bio;REWE Bio Kürbiskern-Brötchen 300g;269;300g (1 kg = 8,97 €)
2022-12-18;8066943;REWE Bio;REWE Bio Laugen Cracker 100g;139;100g (1 kg = 13,90 €)
2022-12-18;8178294;REWE Bio;REWE Bio Leberwurst mit Kalbfleisch, fein 125g;199;125g (1 kg = 15,92 €)
2022-12-18;8257989;REWE Bio;REWE Bio Leinsamen geschrotet 400g;199;400g (1 kg = 4,98 €)
2022-12-18;1919708;REWE Bio;REWE Bio Leinöl nativ 250ml;299;250ml (1 l = 11,96 €)
2022-12-18;7237532;REWE Bio;REWE Bio Limettensaft 250ml;179;250ml (1 l = 7,16 €)
2022-12-18;8362231;REWE Bio;REWE Bio Linseneintopf 400g;169;400g (1 kg = 4,23 €)
2022-12-18;1424811;REWE Bio;REWE Bio Lorbeerblätter ganz 5g;249;5g
2022-12-18;8376976;REWE Bio;REWE Bio Maasdamer 200g;229;200g (1 kg = 11,45 €)
2022-12-18;8016170;REWE Bio;REWE Bio Maiswaffeln 115g;89;120g (1 kg = 7,42 €)
2022-12-18;7186627;REWE Bio;REWE Bio Mandelmus braun 250g;649;250g (1 kg = 25,96 €)
2022-12-18;2823001;REWE Bio;REWE Bio Mandelmus weiß 250g;699;250g (1 kg = 27,96 €)
2022-12-18;3402061;REWE Bio;REWE Bio Mango 1 Stück;299;1 Stück
2022-12-18;7244322;REWE Bio;REWE Bio Mango Lassi 250g;89;250g (1 kg = 3,56 €)
2022-12-18;2520600;REWE Bio;REWE Bio Mango Sorbet 500ml;269;500ml (1 l = 5,38 €)
2022-12-18;1026287;REWE Bio;REWE Bio Maronen 100g;299;100g (1 kg = 29,90 €)
2022-12-18;187645;REWE Bio;REWE Bio Maultaschen Rind & Schwein 250g;219;250g (1 kg = 8,76 €)
2022-12-18;8705549;REWE Bio;REWE Bio Mehrfrucht 250g;199;250g (1 kg = 7,96 €)
2022-12-18;877992;REWE Bio;REWE Bio Mehrfruchtsaft Früchte Mix 1l;199;1l
2022-12-18;7996075;REWE Bio;REWE Bio Mehrkorn Landbrötchen 300g;109;300g (1 kg = 3,63 €)
2022-12-18;198410;REWE Bio;REWE Bio Mehrkorn-Brötchen 300g;269;300g (1 kg = 8,97 €)
2022-12-18;8277549;REWE Bio;REWE Bio Mini Berner Würstchen Schwein 185g;349;185g (1 kg = 18,86 €)
2022-12-18;8498663;REWE Bio;REWE Bio Mini-Kartoffel-Taschen 300g;269;300g (1 kg = 8,97 €)
2022-12-18;8672859;REWE Bio;REWE Bio Mini-Salami 2x25g;159;50g (1 kg = 31,80 €)
2022-12-18;1272042;REWE Bio;REWE Bio Minze im Topf;179;1 Stück
2022-12-18;200385;REWE Bio;REWE Bio Mozzarella 125g;129;125g (1 kg = 10,32 €)
2022-12-18;2024958;REWE Bio;REWE Bio Nackenscheiben 200g;458;1 Stück ca. 200 g (1 kg = 22,90 €)
2022-12-18;8427501;REWE Bio;REWE Bio Natives Olivenöl 750ml;569;750ml (1 l = 7,59 €)
2022-12-18;7816381;REWE Bio;REWE Bio Naturland 5 Korn Müsli 750g;229;750g (1 kg = 3,05 €)
2022-12-18;8728752;REWE Bio;REWE Bio Naturland Akazienhonig 350g;549;350g (1 kg = 15,69 €)
2022-12-18;7811188;REWE Bio;REWE Bio Naturland Blütenhonig 500g;479;500g (1 kg = 9,58 €)
2022-12-18;8766234;REWE Bio;REWE Bio Naturland Crème Fraiche 30% 150g;95;150g (1 kg = 6,33 €)
2022-12-18;7794483;REWE Bio;REWE Bio Naturland Kokosblütenzucker 250g;249;250g (1 kg = 9,96 €)
2022-12-18;8750795;REWE Bio;REWE Bio Naturland Meersalz jodiert 200g;199;200g (1 kg = 9,95 €)
2022-12-18;8749162;REWE Bio;REWE Bio Naturland Roggen Vollkorn Mehl 1000g;139;1000g
2022-12-18;8757512;REWE Bio;REWE Bio Naturland Schwarzer Pfeffer ganz 70g;299;70g (1 kg = 42,71 €)
2022-12-18;7850536;REWE Bio;REWE Bio Naturland White Tiger Garnelen 256g;699;256g (1 kg = 27,30 €)
2022-12-18;7812629;REWE Bio;REWE Bio Naturland Zitronen Erfrischungsgetränk 0,75l;119;0,75l (1 l = 1,59 €)
2022-12-18;8032052;REWE Bio;REWE Bio Naturreis Spitzen-Langkorn 1kg;259;1kg
2022-12-18;274045;REWE Bio;REWE Bio Nudeln Fusilli 500g;149;500g (1 kg = 2,98 €)
2022-12-18;294099;REWE Bio;REWE Bio Nudeln Linguine 500g;149;500g (1 kg = 2,98 €)
2022-12-18;1004052;REWE Bio;REWE Bio Nuss-Nougat-Creme 400g;299;400g (1 kg = 7,48 €)
2022-12-18;8436974;REWE Bio;REWE Bio Olivenmix mit Kräutern 180g;299;180g (1 kg = 16,61 €)
2022-12-18;8017548;REWE Bio;REWE Bio Orangen 1kg im Netz;249;1 Stück
2022-12-18;1279059;REWE Bio;REWE Bio Orangensaft 1l;279;1l
2022-12-18;333139;REWE Bio;REWE Bio Original Nürnberger Rostbratwürstchen 160g;359;160g (1 kg = 22,44 €)
2022-12-18;8015318;REWE Bio;REWE Bio Paprika rot ca. 200g;100;1 Stück ca. 200 g (1 kg = 4,99 €)
2022-12-18;204051;REWE Bio;REWE Bio Paprika-Lyoner 70g;149;70g (1 kg = 21,29 €)
2022-12-18;8683343;REWE Bio;REWE Bio Parmigiano Reggiano 150g;429;150g (1 kg = 28,60 €)
2022-12-18;294936;REWE Bio;REWE Bio Passata passierte Tomaten 700g;159;700g (1 kg = 2,27 €)
2022-12-18;3230258;REWE Bio;REWE Bio Pasta Sauce Arrabbiata 325ml;199;325ml (1 l = 6,12 €)
2022-12-18;3136147;REWE Bio;REWE Bio Pasta Sauce Ricotta 325ml;199;325ml (1 l = 6,12 €)
2022-12-18;2893839;REWE Bio;REWE Bio Penne Rote Linse 250g;199;250g (1 kg = 7,96 €)
2022-12-18;8488972;REWE Bio;REWE Bio Pesto Rosso Vegan 130g;249;130g (1 kg = 19,15 €)
2022-12-18;8486583;REWE Bio;REWE Bio Pesto Verde Vegan 130g;249;130g (1 kg = 19,15 €)
2022-12-18;184650;REWE Bio;REWE Bio Petersilie 50g;89;50g (1 kg = 17,80 €)
2022-12-18;577536;REWE Bio;REWE Bio Pfeffer schwarz ganz 45g;399;45g (1 kg = 88,67 €)
2022-12-18;7055254;REWE Bio;REWE Bio Pfeffersalami 70g;189;70g (1 kg = 27 €)
2022-12-18;7270210;REWE Bio;REWE Bio Polenta 500g;129;500g (1 kg = 2,58 €)
2022-12-18;198686;REWE Bio;REWE Bio Pommes Frites 750g;229;750g (1 kg = 3,05 €)
2022-12-18;8468711;REWE Bio;REWE Bio Porridge Beere 500g;299;500g (1 kg = 5,98 €)
2022-12-18;8471116;REWE Bio;REWE Bio Porridge Kakao 500g;299;500g (1 kg = 5,98 €)
2022-12-18;8634332;REWE Bio;REWE Bio Portionen vom Lachsfilet 250g;729;250g (1 kg = 29,16 €)
2022-12-18;1032440;REWE Bio;REWE Bio Pumpernickel 250g;109;250g (1 kg = 4,36 €)
2022-12-18;1267759;REWE Bio;REWE Bio Puten Paprikasteak ca. 300g;507;1 Stück ca. 300 g (1 kg = 16,90 €)
2022-12-18;1268095;REWE Bio;REWE Bio Putengeschnetzeltes ca. 350g;1222;1 Stück ca. 350 g (1 kg = 34,90 €)
2022-12-18;1268110;REWE Bio;REWE Bio Putengulasch aus der Oberkeule 300g;567;1 Stück ca. 300 g (1 kg = 18,90 €)
2022-12-18;1267901;REWE Bio;REWE Bio Putenmedaillons ca. 320g;1117;1 Stück ca. 320 g (1 kg = 34,90 €)
2022-12-18;1267789;REWE Bio;REWE Bio Putenschnitzel ca. 300g;1047;1 Stück ca. 300 g (1 kg = 34,90 €)
2022-12-18;7997796;REWE Bio;REWE Bio Quetschie Apfel-Pfirsich-Mango 90g;59;90g (1 kg = 6,56 €)
2022-12-18;871212;REWE Bio;REWE Bio Rahmspinat 450g;149;450g (1 kg = 3,31 €)
2022-12-18;201435;REWE Bio;REWE Bio Rapsöl nativ 500ml;239;500ml (1 l = 4,78 €)
2022-12-18;7903295;REWE Bio;REWE Bio Reiswaffeln Joghurt 100g;119;100g (1 kg = 11,90 €)
2022-12-18;8630170;REWE Bio;REWE Bio Reiswaffeln Vollmilch 100g;119;100g (1 kg = 11,90 €)
2022-12-18;8589618;REWE Bio;REWE Bio Reiswaffeln Zartbitter 100g;119;100g (1 kg = 11,90 €)
2022-12-18;7046256;REWE Bio;REWE Bio Reiswaffeln glutenfrei 100g;79;100g (1 kg = 7,90 €)
2022-12-18;7046681;REWE Bio;REWE Bio Reiswaffeln mit Hirse und Mais 100g;79;100g (1 kg = 7,90 €)
2022-12-18;7046872;REWE Bio;REWE Bio Reiswaffeln mit Meersalz;79;100g (1 kg = 7,90 €)
2022-12-18;7293092;REWE Bio;REWE Bio Rhabarber-Schorle 0,75l;159;0,75l (1 l = 2,12 €)
2022-12-18;1287075;REWE Bio;REWE Bio Rinder Entrecôte 170g;712;1 Stück ca. 170 g (1 kg = 41,90 €)
2022-12-18;8588468;REWE Bio;REWE Bio Rinder Fond 400ml;199;400ml (1 l = 4,98 €)
2022-12-18;1287126;REWE Bio;REWE Bio Rinder Rumpsteak ca. 240g;1126;1 Stück ca. 240 g (1 kg = 46,90 €)
2022-12-18;8179779;REWE Bio;REWE Bio Rinder-Minutensteaks 200g;778;1 Stück ca. 200 g (1 kg = 38,90 €)
2022-12-18;1287118;REWE Bio;REWE Bio Rinder-Suppenfleisch 400g;716;1 Stück ca. 400 g (1 kg = 17,90 €)
2022-12-18;2067249;REWE Bio;REWE Bio Rinderfilet 260g;1687;1 Stück ca. 260 g (1 kg = 64,90 €)
2022-12-18;1287098;REWE Bio;REWE Bio Rindergulasch aus der Keule ca. 530g;1532;1 Stück ca. 530 g (1 kg = 28,90 €)
2022-12-18;1987678;REWE Bio;REWE Bio Rinderhackfleisch 250g;479;250g (1 kg = 19,16 €)
2022-12-18;1287072;REWE Bio;REWE Bio Rinderhackfleisch 400g;749;400g (1 kg = 18,73 €)
2022-12-18;2067251;REWE Bio;REWE Bio Rinderhüftsteak 200g;818;1 Stück ca. 200 g (1 kg = 40,90 €)
2022-12-18;1287083;REWE Bio;REWE Bio Rinderrouladen aus der Keule 300g;927;1 Stück ca. 300 g (1 kg = 30,90 €)
2022-12-18;1041181;REWE Bio;REWE Bio Rispentomaten 500g;199;500g (1 kg = 3,98 €)
2022-12-18;8614187;REWE Bio;REWE Bio RoggenSteinofenbrötchen 340g;249;340g (1 kg = 7,32 €)
2022-12-18;321145;REWE Bio;REWE Bio Roggenbrötchen 6 Stück;189;420g (1 kg = 4,50 €)
2022-12-18;8029790;REWE Bio;REWE Bio Roggenvollkornbrot 500g;149;500g (1 kg = 2,98 €)
2022-12-18;8091575;REWE Bio;REWE Bio Rosenkohl 300g;229;300g (1 kg = 7,63 €)
2022-12-18;204052;REWE Bio;REWE Bio Rostbratwurst 200g;369;200g (1 kg = 18,45 €)
2022-12-18;7180293;REWE Bio;REWE Bio Rote Bete gekocht 500g;179;500g (1 kg = 3,58 €)
2022-12-18;1011521;REWE Bio;REWE Bio Rote Bete-Scheiben 220g;89;220g (1 kg = 4,05 €)
2022-12-18;1082478;REWE Bio;REWE Bio Rote Linsen 500g;199;500g (1 kg = 3,98 €)
2022-12-18;999612;REWE Bio;REWE Bio Rote-Bete-Saft 0,5l;89;0,50l (1 l = 1,78 €)
2022-12-18;2179945;REWE Bio;REWE Bio Rucola 125g;149;100 Stück
2022-12-18;297368;REWE Bio;REWE Bio Röstkaffee gemahlen 500g;669;500g (1 kg = 13,38 €)
2022-12-18;206057;REWE Bio;REWE Bio Salami 70g;189;70g (1 kg = 27 €)
2022-12-18;7778921;REWE Bio;REWE Bio Salamisticks classic 60g;239;60g (1 kg = 39,83 €)
2022-12-18;8442869;REWE Bio;REWE Bio Sauerkirschen 370ml;229;185g (1 kg = 12,38 €)
2022-12-18;763140;REWE Bio;REWE Bio Sauerkraut 385g;99;385g (1 kg = 2,57 €)
2022-12-18;7185307;REWE Bio;REWE Bio Sauerkrautsaft mit Meersalz 0,5l;89;0,50l (1 l = 1,78 €)
2022-12-18;194191;REWE Bio;REWE Bio Saure Sahne 200g;89;200g (1 kg = 4,45 €)
2022-12-18;7232641;REWE Bio;REWE Bio Schafjoghurt 5% 125g;79;125g (1 kg = 6,32 €)
2022-12-18;6697038;REWE Bio;REWE Bio Schalotten 200g im Netz;199;200g (1 kg = 9,95 €)
2022-12-18;204050;REWE Bio;REWE Bio Schinkenwurst 70g;149;70g (1 kg = 21,29 €)
2022-12-18;194185;REWE Bio;REWE Bio Schlagsahne 200g;119;200g (1 kg = 5,95 €)
2022-12-18;850243;REWE Bio;REWE Bio Schmand 150g;99;150g (1 kg = 6,60 €)
2022-12-18;184645;REWE Bio;REWE Bio Schnittlauch 50g;89;50g (1 kg = 17,80 €)
2022-12-18;7952948;REWE Bio;REWE Bio Schoko-Crunchy 500g;289;500g (1 kg = 5,78 €)
2022-12-18;7805886;REWE Bio;REWE Bio Schokocreme Zartbitter vegan 400g;299;400g (1 kg = 7,48 €)
2022-12-18;974662;REWE Bio;REWE Bio Schokomüsli 500g;299;500g (1 kg = 5,98 €)
2022-12-18;7822905;REWE Bio;REWE Bio Schwarzer Tee 35g, 20 Beutel;149;35g (1 kg = 42,57 €)
2022-12-18;8108322;REWE Bio;REWE Bio Schwarzkümmel ganz 50g;199;50g (1 kg = 39,80 €)
2022-12-18;7082861;REWE Bio;REWE Bio Schwarzwälder Schinken 70g;299;70g (1 kg = 42,71 €)
2022-12-18;1475953;REWE Bio;REWE Bio Schweine Hackfleisch 300g;599;300g (1 kg = 19,97 €)
2022-12-18;1287057;REWE Bio;REWE Bio Schweine Minutensteaks;607;1 Stück ca. 210 g (1 kg = 28,90 €)
2022-12-18;1287061;REWE Bio;REWE Bio Schweine Nackensteaks 500g;1145;1 Stück ca. 500 g (1 kg = 22,90 €)
2022-12-18;1287067;REWE Bio;REWE Bio Schweine Schnitzel ca. 300g;897;1 Stück ca. 300 g (1 kg = 29,90 €)
2022-12-18;1287106;REWE Bio;REWE Bio Schweine Stielkotelett;1045;1 Stück ca. 500 g (1 kg = 20,90 €)
2022-12-18;1287122;REWE Bio;REWE Bio Schweinefilet 260g;777;1 Stück ca. 260 g (1 kg = 29,90 €)
2022-12-18;7996293;REWE Bio;REWE Bio Sesam ungeschält 500g;229;500g (1 kg = 4,58 €)
2022-12-18;7923194;REWE Bio;REWE Bio Sesamöl Nativ 250ml;399;250ml (1 l = 15,96 €)
2022-12-18;8354670;REWE Bio;REWE Bio Skyr Natur 400g;129;400g (1 kg = 3,23 €)
2022-12-18;8341536;REWE Bio;REWE Bio Soja-Sauce;329;250ml (1 l = 13,16 €)
2022-12-18;8420409;REWE Bio;REWE Bio Sonnenblumenkerne 500g;149;500g (1 kg = 2,98 €)
2022-12-18;201433;REWE Bio;REWE Bio Sonnenblumenöl nativ 500ml;199;500ml (1 l = 3,98 €)
2022-12-18;371375;REWE Bio;REWE Bio Sonnenmais 140g;99;140g (1 kg = 7,07 €)
2022-12-18;8365010;REWE Bio;REWE Bio Spaghetti Dinkel 500g;169;500g (1 kg = 3,38 €)
2022-12-18;2550532;REWE Bio;REWE Bio Speisekartoffeln Drillinge 650g;229;650g (1 kg = 3,52 €)
2022-12-18;2588140;REWE Bio;REWE Bio Speisemöhren 1kg;159;1kg
2022-12-18;8385056;REWE Bio;REWE Bio Speisequark 40% Fett i.Tr. 250g;119;250g (1 kg = 4,76 €)
2022-12-18;3068788;REWE Bio;REWE Bio Speisequark Magerstufe 250g;105;250g (1 kg = 4,20 €)
2022-12-18;194183;REWE Bio;REWE Bio Speisequarkzubereitung Halbfettstufe 250g;119;250g (1 kg = 4,76 €)
2022-12-18;194184;REWE Bio;REWE Bio Speisequarkzubereitung Magerstufe 250g;109;250g (1 kg = 4,36 €)
2022-12-18;8306453;REWE Bio;REWE Bio Spitzpaprika rot ca. 200g;180;1 Stück ca. 200 g (1 kg = 8,99 €)
2022-12-18;7167047;REWE Bio;REWE Bio Sprossen Trio 100g;149;100g (1 kg = 14,90 €)
2022-12-18;2746694;REWE Bio;REWE Bio Streichcreme Rote Bete-Meerrettich 180g;149;180g (1 kg = 8,28 €)
2022-12-18;7840603;REWE Bio;REWE Bio Studentenfutter 200g;269;200g (1 kg = 13,45 €)
2022-12-18;4905385;REWE Bio;REWE Bio Sultaninen 200g;129;200g (1 kg = 6,45 €)
2022-12-18;7171851;REWE Bio;REWE Bio Suppengrün 400g;229;400g (1 kg = 5,73 €)
2022-12-18;577767;REWE Bio;REWE Bio Suppengrün 75g;79;75g (1 kg = 10,53 €)
2022-12-18;8704079;REWE Bio;REWE Bio Süßkartoffelsuppe 400g;199;400g (1 kg = 4,98 €)
2022-12-18;559003;REWE Bio;REWE Bio Süßrahmbutter 250g;319;250g (1 kg = 12,76 €)
2022-12-18;728127;REWE Bio;REWE Bio Tagliatelle 450g;299;450g (1 kg = 6,64 €)
2022-12-18;8109557;REWE Bio;REWE Bio Thymian gerebelt 25g;299;25g (1 kg = 119,60 €)
2022-12-18;1912675;REWE Bio;REWE Bio Tilsiter kräftig 150g;239;150g (1 kg = 15,93 €)
2022-12-18;7814428;REWE Bio;REWE Bio Tofu Sesam Mandel vegan 200g;199;200g (1 kg = 9,95 €)
2022-12-18;201400;REWE Bio;REWE Bio Tomatenketchup 500ml;169;450ml (1 l = 3,76 €)
2022-12-18;7129194;REWE Bio;REWE Bio Tomatenmark 200g;129;200g (1 kg = 6,45 €)
2022-12-18;304587;REWE Bio;REWE Bio Tomatensaft 1l;179;1l
2022-12-18;7831134;REWE Bio;REWE Bio Tomatensuppe 375ml;199;375ml (1 l = 5,31 €)
2022-12-18;187641;REWE Bio;REWE Bio Tortelloni Käse-Kräuter 250g;219;250g (1 kg = 8,76 €)
2022-12-18;877993;REWE Bio;REWE Bio Traubensaft Direktsaft 1l;229;1l
2022-12-18;8041125;REWE Bio;REWE Bio Vanille Pudding 35g;249;3x35g (1 kg = 23,71 €)
2022-12-18;274147;REWE Bio;REWE Bio Vielblütenhonig 500g;479;500g (1 kg = 9,58 €)
2022-12-18;271876;REWE Bio;REWE Bio Vollkorn-Semmelbrösel 200g;99;200g (1 kg = 4,95 €)
2022-12-18;209834;REWE Bio;REWE Bio Vollkorn-Spaghetti 500g;149;500g (1 kg = 2,98 €)
2022-12-18;8283357;REWE Bio;REWE Bio Waffeln Honigwaffeln 290g;289;290g (1 kg = 9,97 €)
2022-12-18;8011859;REWE Bio;REWE Bio Walnusskerne 200g;339;200g (1 kg = 16,95 €)
2022-12-18;7903056;REWE Bio;REWE Bio Weihnachts-Mini-Elisen Glasiert 150g;449;150g (1 kg = 29,93 €)
2022-12-18;8444009;REWE Bio;REWE Bio Weizen Landbrötchen 280g;119;280g (1 kg = 4,25 €)
2022-12-18;199022;REWE Bio;REWE Bio Weizenvollkornbrötchen 410g, 6 Stück;269;410g (1 kg = 6,56 €)
2022-12-18;204042;REWE Bio;REWE Bio Wiener Würstchen 200g;329;200g (1 kg = 16,45 €)
2022-12-18;2937503;REWE Bio;REWE Bio Wiener Würstchen 250g;399;250g (1 kg = 15,96 €)
2022-12-18;2561874;REWE Bio;REWE Bio Ziegenfrischkäse 150g;219;150g (1 kg = 14,60 €)
2022-12-18;7010182;REWE Bio;REWE Bio Ziegenfrischkäse mit rosa Pfeffer 100g;199;100g (1 kg = 19,90 €)
2022-12-18;8222704;REWE Bio;REWE Bio Ziegenkäse mild 120g;299;120g (1 kg = 24,92 €)
2022-12-18;43657;REWE Bio;REWE Bio Zitrone 1 Stück;99;1 Stück
2022-12-18;7589883;REWE Bio;REWE Bio Zitrone 500g im Netz;199;500g (1 kg = 3,98 €)
2022-12-18;535509;REWE Bio;REWE Bio Zitronen Sorbet 500ml;269;500ml (1 l = 5,38 €)
2022-12-18;8488920;REWE Bio;REWE Bio Zitronensaft Direktsaft 250ml;169;250ml (1 l = 6,76 €)
2022-12-18;2577507;REWE Bio;REWE Bio Zucchini 500g;299;500g (1 kg = 5,98 €)
2022-12-18;1311281;REWE Bio;REWE Bio Zwiebeln rot 300g im Netz;149;300g (1 kg = 4,97 €)
2022-12-18;8470738;REWE Bio;REWE Bio getrocknete Tomaten 180g;379;180g (1 kg = 21,06 €)
2022-12-18;3011204;REWE Bio;REWE Bio zarte Haferflocken 500g;99;500g (1 kg = 1,98 €)
2022-12-18;1907545;REWE Bio;REWE Bio Äpfel rot 1kg;299;1kg
2022-12-18;7032815;REWE Bio;Rewe Bio Gemüsebrühe 290g;299;290g (1 kg = 10,31 €)
